  Frame #         RMSD         rGyr      intraHB        MolSA         SASA          PSA
        0        0.000        6.554            0      957.090      545.197      460.785
        1        2.752        6.696            1      949.953      578.283      446.038
        2        2.305        6.646            1      934.163      540.766      421.257
        3        2.604        6.605            1      900.543      554.948      400.684
        4        2.540        6.704            1      942.610      611.478      420.699
        5        2.550        6.749            1      945.728      602.522      442.419
        6        1.324        6.686            1      947.654      596.154      459.801
        7        1.540        6.687            1      939.940      605.528      433.679
        8        1.523        6.697            1      955.894      604.528      461.426
        9        1.769        6.684            1      953.791      598.983      469.080
       10        1.409        6.775            0      965.141      653.431      464.255
       11        2.028        6.534            2      922.149      606.990      437.315
       12        1.776        6.582            1      926.689      567.274      460.174
       13        1.936        6.496            1      919.449      586.973      450.590
       14        1.903        6.506            1      915.760      582.349      430.801
       15        1.654        6.623            2      937.975      673.291      417.784
       16        1.670        6.663            2      940.226      644.796      432.058
       17        1.832        6.529            2      939.338      618.087      433.502
       18        2.010        6.571            4      937.847      642.090      400.598
       19        2.163        6.484            3      937.290      651.084      409.080
       20        1.982        6.574            2      930.899      650.838      417.568
       21        2.084        6.667            2      943.907      635.476      420.392
       22        2.287        6.521            2      931.144      645.363      426.708
       23        2.043        6.397            2      909.639      658.665      411.729
       24        2.723        6.427            2      911.483      710.261      388.069
       25        2.628        6.607            3      928.254      725.800      377.325
       26        2.099        6.431            4      896.669      683.569      384.902
       27        2.700        6.514            3      914.266      710.846      394.219
       28        2.834        6.523            1      874.209      733.143      406.986
       29        2.389        6.480            1      895.451      687.509      395.179
       30        2.381        6.380            2      874.883      718.312      382.462
       31        2.731        6.371            0      890.711      731.584      399.401
       32        2.968        6.334            1      888.496      859.268      389.421
       33        4.362        6.236            2      876.660      794.156      407.034
       34        4.659        6.228            4      890.326      797.504      396.899
       35        4.161        6.055            2      864.653      772.784      399.869
       36        3.759        5.971            3      823.451      717.983      408.642
       37        3.786        6.111            3      858.927      778.190      417.239
       38        4.111        6.114            2      851.059      756.302      412.666
       39        4.336        6.039            2      841.592      773.846      412.782
       40        4.325        6.053            3      842.385      753.556      394.818
       41        4.717        5.987            5      843.619      727.613      392.496
       42        4.001        6.121            4      845.761      759.326      397.941
       43        4.202        6.241            3      861.912      797.974      409.766
       44        4.538        6.056            4      843.902      713.893      397.566
       45        3.950        6.083            4      855.701      784.787      382.837
       46        4.291        6.243            3      893.680      800.039      387.367
       47        4.159        6.186            4      850.597      878.826      355.748
       48        4.392        6.187            3      841.109      859.064      388.192
       49        4.331        6.208            3      860.707      761.637      373.250
       50        4.219        6.031            4      830.875      765.023      340.287
       51        4.236        5.918            4      859.106      758.777      347.301
       52        4.224        6.001            5      839.467      703.191      379.813
       53        3.881        6.103            2      843.856      708.341      385.976
       54        4.439        6.134            3      856.278      795.116      407.493
       55        4.322        6.038            4      829.275      749.459      381.937
       56        3.855        6.199            2      865.604      865.641      414.908
       57        4.367        6.218            4      877.938      829.620      390.202
       58        4.242        6.081            3      848.910      775.306      367.252
       59        4.477        6.078            5      841.514      760.452      339.906
       60        4.124        6.173            1      853.528      861.706      372.780
       61        4.146        6.176            1      862.781      854.470      393.525
       62        4.387        6.152            1      843.440      889.334      381.776
       63        3.913        6.014            2      842.269      849.269      378.332
       64        3.687        6.060            1      839.280      792.160      351.667
       65        3.864        6.141            2      856.800      837.007      379.395
       66        4.262        6.070            3      847.182      798.002      346.298
       67        4.193        5.944            1      825.396      790.203      361.029
       68        4.256        6.073            2      848.220      819.936      374.522
       69        4.036        6.013            2      830.406      776.708      348.376
       70        3.928        6.043            2      842.863      815.528      370.341
       71        4.112        6.188            2      867.376      844.729      391.450
       72        4.114        6.059            2      846.528      831.808      376.671
       73        3.745        6.002            3      824.630      843.957      361.087
       74        4.168        6.119            2      843.374      816.672      377.759
       75        3.992        6.116            3      880.749      888.757      386.405
       76        3.661        5.986            1      820.598      834.806      387.027
       77        4.250        6.084            3      858.762      929.208      371.790
       78        4.180        5.996            2      846.764      896.145      363.205
       79        4.413        5.969            1      843.688      876.503      351.867
       80        3.878        6.107            2      850.437      899.172      365.212
       81        4.426        6.230            2      878.519      869.625      385.273
       82        4.314        6.205            1      877.286      907.096      390.163
       83        3.901        6.095            2      866.888      901.999      371.146
       84        4.355        6.191            2      881.220      940.490      379.842
       85        4.254        6.139            4      834.800      794.683      340.495
       86        4.293        6.096            4      843.751      835.996      334.783
       87        4.199        6.168            3      835.823      846.150      354.700
       88        4.504        6.127            4      837.874      856.760      329.776
       89        4.561        6.138            3      855.856      850.267      347.496
       90        4.424        6.174            3      841.083      861.934      341.905
       91        5.068        6.252            3      878.145      905.473      335.244
       92        4.506        6.194            2      851.578      852.757      357.125
       93        4.382        6.139            2      834.117      858.130      352.238
       94        3.811        6.127            1      863.234      895.094      369.083
       95        3.953        5.987            3      829.886      846.770      352.953
       96        4.200        6.116            2      849.372      915.508      349.418
       97        5.522        6.253            3      893.304      833.184      343.822
       98        5.240        6.356            2      911.424      914.937      364.703
       99        4.099        6.111            3      839.195      809.365      356.174
      100        4.722        6.193            2      850.144      856.352      353.561
      101        4.133        6.132            2      850.145      823.131      373.487
      102        4.320        6.044            3      836.236      829.886      334.214
      103        4.186        6.106            3      849.593      809.878      336.293
      104        4.766        6.024            3      847.128      858.878      349.815
      105        4.454        5.995            3      828.759      797.832      326.814
      106        4.478        6.042            3      825.275      781.810      328.654
      107        4.059        5.908            4      818.010      773.083      321.124
      108        4.517        6.080            3      852.110      857.013      340.557
      109        4.364        6.083            3      845.773      836.351      331.664
      110        3.869        6.033            1      845.663      831.216      362.149
      111        3.925        6.043            3      842.152      849.439      342.974
      112        5.086        6.315            3      914.689      866.658      368.168
      113        4.152        6.044            2      850.911      822.070      357.473
      114        4.023        6.053            2      858.514      839.319      374.254
      115        4.173        5.960            2      839.493      815.312      368.878
      116        4.244        6.101            2      853.928      815.844      369.323
      117        4.169        5.985            1      839.767      810.819      362.784
      118        3.786        6.023            2      839.399      803.956      366.150
      119        4.076        5.977            1      836.946      814.179      351.191
      120        4.149        6.009            3      848.538      849.749      362.990
      121        3.773        6.146            3      869.867      908.723      387.499
      122        3.907        6.011            4      827.950      847.096      369.956
      123        4.109        6.147            1      851.790      877.050      324.376
      124        4.038        6.041            1      840.286      823.766      367.425
      125        4.405        6.050            3      830.101      798.686      329.528
      126        4.350        6.147            1      851.263      869.394      383.975
      127        3.935        6.007            3      829.165      825.450      327.499
      128        4.764        6.134            3      860.550      842.718      351.155
      129        3.837        5.967            3      820.195      767.626      353.402
      130        4.066        5.920            3      820.344      801.695      317.500
      131        4.281        5.974            2      830.807      836.932      336.126
      132        4.598        6.102            3      834.893      837.239      330.272
      133        4.654        5.957            3      845.421      855.181      331.099
      134        3.980        5.995            3      834.648      791.722      347.932
      135        4.507        6.018            4      844.867      815.494      340.071
      136        4.328        6.032            2      838.828      829.235      340.978
      137        4.390        6.085            2      852.538      823.795      362.222
      138        4.251        6.041            2      834.780      829.155      345.416
      139        4.215        6.068            1      847.225      819.832      345.544
      140        4.591        6.059            4      859.114      863.024      341.453
      141        4.120        6.064            2      833.413      773.534      345.873
      142        4.151        6.046            2      831.962      797.460      328.314
      143        4.312        6.084            2      830.797      815.252      350.845
      144        4.419        6.057            2      837.823      773.779      341.314
      145        4.244        6.067            3      845.149      845.487      354.815
      146        4.554        6.024            2      840.422      810.905      342.140
      147        4.427        6.203            2      862.227      769.486      360.236
      148        4.245        6.062            2      831.699      792.668      326.717
      149        4.288        6.096            4      875.082      835.358      347.717
      150        4.385        6.084            3      850.620      751.277      349.566
      151        4.499        6.020            3      853.467      819.337      344.649
      152        4.504        6.130            2      840.911      802.785      345.773
      153        4.159        6.102            4      829.506      796.429      357.415
      154        4.203        6.118            2      851.100      797.368      358.055
      155        4.408        6.029            3      827.517      735.779      331.283
      156        3.992        6.012            2      827.126      776.658      365.977
      157        4.184        6.076            3      850.306      797.587      341.272
      158        4.038        6.045            3      833.224      759.273      347.946
      159        4.106        6.032            3      833.806      810.902      341.517
      160        4.466        6.117            3      852.847      831.367      323.129
      161        4.173        6.008            2      828.461      764.099      335.364
      162        4.402        6.133            2      853.278      830.364      341.210
      163        4.492        6.171            3      845.975      791.008      373.813
      164        4.352        6.137            3      833.816      767.992      355.205
      165        4.242        6.058            2      853.678      834.011      357.436
      166        4.223        6.046            3      831.534      792.602      347.847
      167        4.434        6.102            2      859.146      868.652      377.883
      168        4.100        6.068            2      845.288      844.191      375.622
      169        4.068        6.063            2      852.873      829.907      360.447
      170        4.361        6.113            2      842.984      836.700      368.267
      171        3.855        6.112            2      858.490      837.252      383.269
      172        3.715        6.048            1      842.794      833.826      381.866
      173        3.723        6.146            1      874.017      862.291      361.684
      174        4.176        5.976            3      814.351      782.018      329.155
      175        4.311        6.043            2      824.230      803.881      337.617
      176        4.818        6.194            2      847.011      820.132      362.119
      177        4.225        5.981            2      817.079      801.051      330.678
      178        4.604        6.076            2      853.913      838.912      335.118
      179        4.264        6.078            3      834.606      826.396      353.839
      180        4.073        6.103            3      864.915      857.295      376.430
      181        4.318        6.158            3      861.345      865.299      367.717
      182        4.037        6.077            3      854.558      802.560      348.616
      183        3.782        6.046            1      861.946      845.195      379.610
      184        4.020        6.098            1      842.239      843.859      374.198
      185        3.982        6.081            1      844.946      832.362      378.838
      186        3.675        6.021            2      824.872      812.116      363.676
      187        4.273        6.007            2      846.468      819.011      346.344
      188        4.278        6.122            2      864.992      823.062      355.782
      189        3.899        6.104            2      852.200      814.597      367.030
      190        3.882        6.112            2      860.270      846.461      390.030
      191        3.769        6.030            2      827.216      858.869      333.255
      192        4.304        6.031            3      853.827      837.831      365.895
      193        4.130        6.041            2      870.303      853.839      375.399
      194        4.277        6.052            3      877.302      888.879      382.777
      195        3.944        6.086            3      850.112      845.454      381.555
      196        3.862        6.087            1      850.521      868.853      396.238
      197        4.015        6.080            1      857.875      867.411      403.875
      198        3.822        6.034            2      848.189      907.216      383.463
      199        4.138        6.124            2      845.235      833.556      380.998
      200        4.167        6.036            3      841.187      859.988      367.065
      201        4.365        6.058            2      841.804      852.252      381.475
      202        3.921        6.124            2      849.732      884.827      385.707
      203        4.064        6.142            2      848.822      863.743      374.904
      204        3.862        6.002            2      829.880      834.231      380.248
      205        4.305        6.001            4      841.808      885.236      340.633
      206        3.878        6.092            3      849.444      868.642      356.103
      207        3.739        5.891            3      812.889      882.106      343.331
      208        4.286        6.155            1      851.892      924.655      350.758
      209        3.922        6.168            3      850.773      849.193      388.482
      210        3.692        5.947            4      819.106      825.520      355.837
      211        3.971        6.075            2      842.106      934.056      358.423
      212        4.341        6.117            3      855.229      884.154      359.000
      213        3.900        5.924            2      823.986      876.843      359.405
      214        4.119        5.994            3      817.610      848.086      363.022
      215        4.229        6.045            1      859.371      915.130      384.408
      216        3.843        6.171            1      864.754      918.167      396.526
      217        4.303        6.197            3      883.241      953.616      387.425
      218        4.256        6.072            2      851.658      904.421      376.196
      219        3.981        6.059            4      838.764      887.586      376.542
      220        3.870        5.980            1      830.687      926.222      381.155
      221        4.028        6.025            1      851.455     1013.818      381.131
      222        4.030        6.209            3      855.646      943.349      367.341
      223        3.553        6.175            2      860.773      938.748      401.150
      224        3.773        6.038            3      838.714      892.709      366.904
      225        3.898        6.106            3      856.477      935.290      358.992
      226        3.595        5.993            3      818.716      863.457      370.253
      227        3.943        6.085            2      860.422      972.032      358.882
      228        4.039        6.050            3      835.403      956.039      355.899
      229        4.116        6.132            2      863.011     1048.482      382.276
      230        4.234        6.173            1      862.153      949.730      386.322
      231        3.873        6.098            3      837.173      893.481      344.402
      232        4.282        6.119            1      859.378      922.973      367.745
      233        4.097        6.002            2      842.295      890.209      369.843
      234        4.433        6.109            3      852.039      880.253      340.056
      235        4.171        6.127            3      859.820      954.338      352.048
      236        4.268        6.198            2      877.445      959.476      367.026
      237        4.352        6.083            4      880.710      978.636      364.293
      238        3.977        6.157            1      869.942      975.605      362.629
      239        4.257        6.149            2      874.563      981.545      353.325
      240        4.087        6.079            3      872.186      930.214      338.137
      241        4.338        6.177            3      852.232      908.745      354.700
      242        4.217        6.146            1      870.690      944.671      379.333
      243        4.117        6.085            3      848.620      912.528      375.722
      244        3.945        6.149            2      850.544      934.755      358.739
      245        4.195        6.258            2      893.276      983.131      381.638
      246        4.404        6.127            4      854.098      887.632      346.033
      247        4.308        6.171            2      865.649      900.197      391.086
      248        4.285        6.087            2      836.339      841.639      346.544
      249        4.675        6.087            1      848.481      874.387      357.609
      250        4.039        6.274            2      892.521      962.532      431.426
      251        4.524        6.315            1      894.179      969.502      416.391
      252        4.421        6.157            2      851.870      913.453      384.011
      253        4.042        6.194            1      903.890     1008.627      411.511
      254        3.971        6.182            2      896.934      973.288      426.485
      255        4.031        6.177            3      873.743      952.817      401.240
      256        4.081        6.219            1      875.502      884.891      405.555
      257        5.063        6.460            2      915.194      993.894      402.255
      258        4.889        6.278            1      915.979      940.820      395.748
      259        4.855        6.319            1      917.156      935.247      397.384
      260        4.343        6.300            2      880.874      798.737      357.712
      261        4.788        6.410            1      875.146      836.340      388.331
      262        4.635        6.332            2      860.883      937.372      379.916
      263        4.143        6.034            2      864.510      941.844      378.261
      264        4.423        6.329            0      880.053      958.203      365.724
      265        4.297        6.521            2      913.486     1001.679      382.069
      266        4.128        6.405            0      914.093      944.007      375.804
      267        4.437        6.329            1      909.628      928.333      395.238
      268        4.456        6.374            0      905.354      964.830      372.704
      269        4.777        6.306            4      877.083      923.468      335.530
      270        4.289        6.214            2      877.295      935.800      334.307
      271        4.613        6.329            2      899.591      936.616      368.299
      272        3.978        6.294            0      908.702      975.884      403.074
      273        4.269        6.491            2      919.812      976.138      385.445
      274        4.086        6.292            2      906.880      935.798      373.861
      275        4.362        6.539            1      918.168     1002.590      401.610
      276        4.410        6.516            2      883.191      950.216      377.817
      277        4.433        6.325            3      849.321      942.291      358.270
      278        4.499        6.447            1      880.370      991.179      394.491
      279        3.760        6.327            2      878.393      992.167      400.925
      280        4.120        6.404            1      921.061     1018.257      398.200
      281        4.118        6.450            2      908.958      994.502      410.012
      282        4.125        6.306            2      883.606      951.200      382.904
      283        4.006        6.403            2      896.079     1010.623      419.212
      284        4.745        6.500            3      891.416     1060.333      413.550
      285        4.437        6.457            1      899.537     1098.660      428.696
      286        4.301        6.371            4      875.422     1033.202      378.870
      287        4.107        6.469            3      898.516     1093.389      398.194
      288        4.106        6.534            1      914.545     1049.710      419.959
      289        4.263        6.433            2      922.088     1060.146      404.855
      290        4.436        6.305            1      887.348     1039.140      406.191
      291        4.626        6.442            2      907.324     1045.321      395.673
      292        4.535        6.244            3      881.195     1021.673      374.781
      293        4.370        6.287            2      878.842      991.364      402.878
      294        4.531        6.298            3      915.578     1109.104      373.327
      295        4.318        6.054            2      902.586     1095.518      387.076
      296        4.893        6.177            2      862.088      989.323      365.097
      297        4.920        6.129            2      887.777     1105.588      363.261
      298        4.048        6.648            1      960.076     1277.409      406.216
      299        5.049        6.385            2      909.264     1143.342      415.651
      300        4.617        6.184            1      907.352     1144.817      410.322
      301        5.156        6.202            3      887.142     1128.553      363.356
      302        4.844        6.432            2      899.172     1145.538      408.905
      303        4.966        6.750            2      933.321     1146.023      374.529
      304        4.559        6.415            1      906.062     1146.985      402.811
      305        5.049        6.272            3      846.734     1070.014      367.791
      306        5.505        6.251            2      881.158     1085.725      377.898
      307        4.879        6.123            2      872.240      980.372      360.227
      308        4.935        5.964            3      847.676      936.579      335.060
      309        5.305        6.051            5      838.568      963.182      331.039
      310        5.032        6.046            4      858.712      965.541      340.756
      311        4.102        6.056            5      890.167     1104.722      360.165
      312        4.308        5.733            2      819.932     1049.728      388.660
      313        3.896        5.846            3      826.943     1020.815      367.756
      314        4.149        5.723            3      810.850      944.024      336.331
      315        4.703        5.989            2      865.407      970.866      338.337
      316        4.968        5.858            3      835.685      872.669      337.186
      317        5.292        6.131            3      878.728      956.318      376.261
      318        5.420        6.302            4      901.254      994.623      371.713
      319        5.195        6.233            3      887.170      987.559      334.648
      320        5.016        6.238            5      872.014      974.958      298.555
      321        5.075        6.485            2      902.262     1049.894      321.049
      322        4.833        6.253            3      869.742      847.033      364.344
      323        5.221        6.266            4      864.847      882.112      357.438
      324        5.212        6.304            3      876.537      840.504      372.669
      325        5.797        6.438            2      878.213      827.090      385.565
      326        5.608        6.429            3      889.413      842.323      394.109
      327        5.503        6.489            4      885.524      919.885      325.097
      328        4.797        6.010            4      853.910      816.326      306.885
      329        5.209        6.143            4      847.243      860.403      337.625
      330        5.296        6.358            3      876.973      933.758      333.259
      331        5.245        6.264            4      879.646      946.484      342.456
      332        5.090        6.308            4      883.441      916.858      348.991
      333        4.944        6.423            4      906.176     1018.701      357.352
      334        5.269        6.356            4      903.584     1027.940      340.442
      335        5.074        6.418            2      915.152     1064.536      331.973
      336        4.981        6.151            4      867.010      971.096      311.322
      337        5.275        6.170            4      870.817      976.042      333.064
      338        4.986        6.282            4      882.617      969.924      352.803
      339        5.052        6.267            4      891.067      924.764      352.424
      340        4.992        6.398            2      901.919      873.381      362.008
      341        4.859        6.287            2      887.555      949.219      370.109
      342        4.925        5.972            3      841.906      819.260      361.700
      343        4.831        6.036            4      871.690      924.790      355.330
      344        4.692        6.031            2      873.466      956.020      354.994
      345        4.596        6.051            4      858.094      910.329      353.110
      346        4.726        6.256            2      869.536      838.087      333.743
      347        4.429        6.219            3      848.299      876.666      352.221
      348        4.914        6.293            2      858.954      879.414      340.184
      349        4.810        6.197            3      830.712      724.007      360.560
      350        4.540        6.296            3      862.795      759.131      360.308
      351        4.575        6.125            4      822.082      764.242      311.332
      352        4.418        6.231            3      832.481      793.596      317.014
      353        4.396        6.002            5      832.565      866.183      316.830
      354        4.572        6.104            3      812.647      776.944      326.943
      355        4.616        6.075            4      804.485      762.907      302.209
      356        4.486        6.351            3      847.653      788.507      373.410
      357        4.711        6.201            4      847.355      775.408      352.924
      358        5.199        6.067            4      842.510      818.897      364.461
      359        5.031        6.071            3      832.928      755.375      400.548
      360        4.994        6.055            2      829.122      751.835      387.144
      361        5.117        6.027            3      820.032      759.547      361.410
      362        4.923        6.230            1      840.044      799.088      386.402
      363        4.613        6.200            1      854.346      810.966      375.029
      364        4.600        6.149            2      854.446      823.005      353.994
      365        4.712        6.027            3      839.302      780.068      340.082
      366        4.857        6.153            2      841.959      786.442      368.984
      367        4.727        6.200            3      834.260      778.590      385.258
      368        4.803        6.025            2      831.038      754.932      345.820
      369        4.853        6.192            2      860.041      749.049      367.456
      370        4.912        6.076            2      826.645      739.340      364.013
      371        4.865        6.247            2      839.795      770.971      373.978
      372        4.917        6.121            2      826.994      768.758      378.752
      373        4.962        6.030            2      817.174      732.616      320.377
      374        4.976        6.182            2      831.759      755.251      361.440
      375        5.012        6.036            2      818.794      722.745      346.972
      376        4.856        6.032            3      831.871      750.657      322.129
      377        4.627        6.144            4      846.026      727.454      319.537
      378        4.772        6.174            2      840.438      737.873      347.143
      379        4.590        5.999            3      803.815      732.333      308.380
      380        4.673        5.937            4      822.142      776.118      321.612
      381        4.736        6.030            4      828.672      739.690      310.972
      382        4.955        6.003            3      843.672      765.932      339.781
      383        4.886        6.103            3      852.879      850.274      337.459
      384        4.672        6.093            2      835.679      812.916      313.839
      385        4.850        5.908            1      844.758      803.897      333.860
      386        4.986        6.057            3      865.311      855.362      343.846
      387        4.740        6.090            4      863.098      875.053      337.756
      388        4.820        6.037            4      846.071      819.028      333.166
      389        4.876        6.085            3      841.519      823.320      335.568
      390        4.723        6.014            5      828.084      774.950      314.035
      391        4.700        6.150            4      842.175      783.519      321.597
      392        4.874        6.165            4      844.988      845.960      337.059
      393        4.873        6.106            2      858.191      801.792      353.770
      394        4.894        6.045            3      845.160      791.087      313.257
      395        4.893        5.950            4      818.363      736.184      308.177
      396        4.768        5.915            5      839.957      780.226      307.100
      397        4.979        5.860            4      827.085      784.402      324.054
      398        4.843        6.038            2      829.460      720.454      336.346
      399        4.715        5.921            3      830.866      815.699      331.846
      400        4.788        5.834            4      825.336      766.499      315.851
      401        5.090        5.969            3      827.329      785.525      355.513
      402        4.906        5.965            6      831.465      798.424      320.989
      403        4.897        5.992            3      837.330      856.790      324.489
      404        5.039        5.884            4      811.798      774.352      347.899
      405        4.793        5.757            5      801.291      749.659      313.526
      406        4.769        5.577            4      782.352      726.167      324.339
      407        4.774        5.863            3      849.863      825.084      316.171
      408        4.830        5.962            4      833.286      795.118      333.505
      409        4.851        5.791            3      806.224      678.054      305.636
      410        4.935        5.799            2      804.866      670.245      344.118
      411        4.893        5.897            2      807.580      679.941      340.542
      412        4.833        5.903            3      817.416      703.860      335.330
      413        5.083        5.773            2      804.447      688.486      331.447
      414        5.097        5.817            2      803.932      675.011      352.263
      415        5.077        5.810            2      808.700      661.479      340.360
      416        4.929        5.891            2      824.082      712.563      326.410
      417        4.808        5.854            2      814.383      708.284      359.705
      418        4.932        5.898            3      839.849      765.331      347.477
      419        4.838        5.916            2      823.229      798.159      342.538
      420        4.641        5.864            5      832.408      785.468      291.977
      421        4.767        6.061            4      819.735      704.491      292.638
      422        5.209        6.048            4      859.966      769.861      325.685
      423        4.937        5.944            5      829.677      748.118      301.029
      424        4.988        5.919            3      828.606      785.255      323.271
      425        4.975        5.827            2      833.017      829.324      338.095
      426        4.757        5.826            5      803.171      690.312      297.326
      427        4.810        5.923            3      822.096      755.477      318.110
      428        4.841        5.930            2      828.794      753.802      328.587
      429        4.850        5.919            4      819.517      736.863      316.932
      430        4.920        5.897            4      849.288      775.489      292.072
      431        5.016        5.976            3      819.406      724.066      307.520
      432        4.743        6.012            2      828.025      757.434      329.154
      433        4.744        6.032            3      835.938      742.174      327.041
      434        4.688        6.033            4      824.526      748.531      306.388
      435        4.853        5.827            3      832.311      750.215      324.855
      436        4.892        5.895            2      825.065      750.388      364.608
      437        4.641        5.808            3      829.209      719.942      362.093
      438        4.910        5.990            2      834.751      742.290      335.786
      439        4.575        5.938            2      854.732      773.394      353.638
      440        4.866        5.952            3      826.592      719.612      319.762
      441        4.873        5.733            3      806.945      744.883      322.472
      442        4.851        5.856            3      834.526      739.872      318.096
      443        4.786        5.788            3      795.952      697.371      318.549
      444        5.049        5.827            4      812.896      715.661      305.608
      445        4.688        5.952            3      834.072      744.840      337.649
      446        4.788        5.873            4      822.295      702.951      320.878
      447        4.793        6.024            4      828.856      716.907      323.277
      448        4.768        6.058            5      831.987      739.556      307.085
      449        4.625        5.929            3      814.222      731.994      308.992
      450        4.863        5.960            2      826.136      742.882      357.016
      451        4.756        5.940            2      816.756      765.375      356.867
      452        4.771        5.926            3      827.208      820.876      306.204
      453        4.926        5.795            4      809.620      784.885      308.094
      454        4.711        6.042            4      846.592      784.612      325.132
      455        4.607        5.873            3      823.762      817.950      309.269
      456        4.829        5.857            4      840.980      868.558      321.892
      457        4.785        6.172            1      843.996      863.120      378.361
      458        4.833        6.404            2      858.769      893.497      380.294
      459        5.020        6.358            2      876.882      929.113      368.247
      460        4.614        5.956            4      829.872      829.984      343.818
      461        4.756        6.085            3      814.658      830.527      342.916
      462        4.806        6.333            3      836.363      847.168      347.750
      463        4.681        6.300            2      839.949      817.125      360.885
      464        4.772        6.217            1      837.623      847.423      351.225
      465        4.966        5.839            5      806.608      714.166      337.328
      466        4.837        5.963            2      823.552      784.679      319.583
      467        4.846        5.922            3      831.982      806.650      343.404
      468        4.848        6.050            1      826.688      787.296      331.427
      469        5.058        5.684            4      787.394      711.679      331.636
      470        5.056        5.919            3      816.052      746.872      316.242
      471        4.959        5.877            5      807.153      689.768      328.194
      472        4.989        5.894            2      810.856      712.334      325.323
      473        5.013        5.753            5      800.480      702.420      325.804
      474        5.008        5.754            4      792.263      683.499      313.490
      475        5.027        5.842            4      823.391      735.598      322.726
      476        5.047        5.789            3      789.923      693.776      321.166
      477        5.033        5.863            4      825.990      759.237      304.785
      478        5.050        5.839            4      810.444      707.987      319.899
      479        4.956        5.808            4      816.033      759.785      327.727
      480        5.058        5.648            6      789.478      714.367      310.576
      481        4.854        6.293            3      830.206      779.237      364.253
      482        4.778        6.349            2      859.573      842.844      397.367
      483        4.879        6.201            3      826.964      833.948      355.231
      484        4.940        6.042            3      827.463      821.677      377.477
      485        4.783        6.237            2      839.069      820.693      353.822
      486        4.724        6.219            3      843.531      849.244      358.253
      487        4.837        6.323            3      868.505      880.219      363.321
      488        4.748        5.955            1      814.983      755.799      315.928
      489        4.888        5.945            3      826.835      723.848      340.742
      490        4.743        6.063            5      832.949      822.528      348.720
      491        4.599        6.035            4      853.484      807.199      317.048
      492        4.955        5.993            4      812.852      746.855      356.701
      493        4.866        6.190            2      859.558      875.801      369.483
      494        4.694        6.097            3      862.240      869.769      312.923
      495        4.558        5.904            4      828.789      838.273      269.142
      496        4.561        5.989            3      834.482      829.664      300.271
      497        4.444        6.038            4      838.380      879.902      327.020
      498        4.802        6.257            3      858.885      789.306      330.976
      499        4.546        6.172            3      856.637      842.425      349.159
      500        4.587        6.149            3      849.056      860.642      342.854
      501        4.522        6.191            3      858.086      892.509      346.952
