   # Atom# PDBResName  wrt_Protein   wrt_Ligand 
         1                   9.126        3.464
         2                   8.357        3.111
         3                   8.434        3.720
         4                   7.822        2.533
         5                   7.199        2.303
         6                   6.125        1.409
         7                   6.114        1.446
         8                   7.646        2.940
         9                   8.017        3.809
        10                   7.921        4.261
        11                   8.709        4.715
        12                   8.448        5.407
        13                   9.232        5.805
        14                   9.074        6.093
        15                   5.521        1.458
        16                   4.758        1.430
        17                   3.826        1.262
        18                   3.777        1.846
        19                   5.100        1.932
        20                   5.497        1.971
        21                   5.661        2.367
        22                   6.105        2.452
        23                   6.206        2.773
        24                   6.510        2.743
        25                   6.620        3.234
        26                   7.292        3.398
        27                   7.482        3.972
        28                   7.774        3.929
        29                   3.503        0.915
        30                   3.198        1.389
        31                   2.638        1.311
        32                   2.528        1.229
        33                   4.233        1.884
        34                   4.998        1.940
        35                   5.667        2.243
        36                   5.952        2.833
        37                   6.311        2.675
        38                   2.820        1.626
        39                   2.851        1.753
        40                   2.801        1.607
        41                   3.223        2.288
        42                   3.845        2.152
        43                   3.967        1.743
        44                   4.430        1.760
        45                   4.745        2.217
        46                   4.902        2.620
        47                   2.619        1.351
        48                   2.820        1.575
        49                   2.829        1.648
        50                   3.138        1.907
        51                   3.510        2.073
        52                   4.123        2.453
        53                   5.074        3.240
        54                   5.783        3.639
        55                   2.788        1.568
        56                   3.186        1.681
        57                   3.046        1.366
        58                   3.569        1.631
        59                   3.694        2.314
        60                   3.739        2.434
        61                   2.625        1.147
        62                   2.795        1.095
        63                   2.842        1.095
        64                   2.526        1.377
        65                   2.611        1.620
        66                   2.969        1.796
        67                   3.521        2.387
        68                   3.173        1.950
        69                   4.065        2.853
        70                   3.782        2.436
        71                   4.142        2.799
        72                   3.498        1.302
        73                   3.927        1.870
        74                   4.382        2.307
        75                   4.776        2.712
        76                   4.473        2.115
        77                   4.696        2.864
        78                   5.383        3.606
