  # frame#    Prot_CA   Prot_Backbone  Prot_Sidechain  Prot_All_Heavy
         0      0.000           0.000           0.000           0.000
         1      3.920           3.924           4.397           4.097
         2      4.226           4.232           4.803           4.453
         3      3.956           3.956           4.595           4.211
         4      4.154           4.165           4.829           4.432
         5      4.351           4.361           5.019           4.624
         6      4.683           4.694           5.344           4.958
         7      4.400           4.410           5.070           4.681
         8      4.668           4.676           5.370           4.958
         9      4.422           4.436           5.133           4.716
        10      4.612           4.618           5.348           4.920
        11      4.685           4.689           5.417           4.985
        12      4.880           4.886           5.597           5.177
        13      4.960           4.966           5.689           5.272
        14      4.872           4.875           5.611           5.190
        15      5.000           4.999           5.736           5.306
        16      4.914           4.912           5.704           5.247
        17      5.102           5.102           5.898           5.446
        18      5.061           5.065           5.825           5.389
        19      5.099           5.099           5.853           5.415
        20      4.962           4.967           5.721           5.286
        21      4.969           4.969           5.729           5.287
        22      4.909           4.904           5.736           5.263
        23      5.010           5.009           5.753           5.319
        24      5.028           5.026           5.803           5.357
        25      4.903           4.897           5.683           5.225
        26      4.996           4.998           5.738           5.304
        27      4.832           4.831           5.599           5.152
        28      4.577           4.570           5.390           4.910
        29      4.402           4.401           5.244           4.755
        30      4.444           4.435           5.357           4.819
        31      4.476           4.473           5.363           4.844
        32      4.189           4.195           5.084           4.566
        33      4.418           4.419           5.270           4.769
        34      4.539           4.539           5.437           4.914
        35      4.542           4.539           5.381           4.884
        36      4.528           4.528           5.396           4.889
        37      4.879           4.881           5.702           5.222
        38      4.622           4.625           5.465           4.974
        39      4.612           4.604           5.493           4.973
        40      4.569           4.566           5.447           4.943
        41      4.653           4.650           5.537           5.028
        42      4.807           4.800           5.670           5.167
        43      4.802           4.803           5.657           5.166
        44      4.673           4.675           5.639           5.096
        45      4.478           4.479           5.403           4.872
        46      4.332           4.340           5.265           4.737
        47      4.497           4.498           5.420           4.896
        48      4.441           4.440           5.357           4.833
        49      4.541           4.542           5.448           4.929
        50      4.513           4.509           5.468           4.930
        51      4.430           4.432           5.385           4.848
        52      4.563           4.567           5.500           4.970
        53      4.598           4.598           5.494           4.986
        54      4.660           4.663           5.548           5.051
        55      4.506           4.507           5.435           4.914
        56      4.817           4.816           5.665           5.182
        57      4.640           4.639           5.537           5.028
        58      4.595           4.591           5.503           4.998
        59      4.832           4.823           5.708           5.213
        60      4.827           4.824           5.716           5.218
        61      4.506           4.504           5.416           4.901
        62      4.438           4.443           5.376           4.854
        63      4.547           4.546           5.492           4.964
        64      4.797           4.791           5.672           5.174
        65      4.390           4.388           5.305           4.782
        66      4.574           4.560           5.498           4.966
        67      4.405           4.403           5.309           4.793
        68      4.636           4.634           5.501           5.013
        69      4.705           4.703           5.610           5.104
        70      4.583           4.577           5.503           4.986
        71      4.588           4.580           5.503           4.984
        72      4.526           4.518           5.427           4.910
        73      4.724           4.716           5.609           5.109
        74      4.588           4.583           5.489           4.981
        75      4.575           4.569           5.469           4.961
        76      4.709           4.703           5.620           5.101
        77      4.593           4.586           5.471           4.969
        78      4.714           4.705           5.629           5.109
        79      4.828           4.822           5.737           5.219
        80      4.649           4.640           5.533           5.030
        81      4.858           4.849           5.715           5.223
        82      4.740           4.728           5.621           5.117
        83      4.531           4.522           5.433           4.914
        84      4.786           4.774           5.660           5.160
        85      4.684           4.674           5.544           5.057
        86      4.860           4.850           5.717           5.237
        87      4.699           4.688           5.580           5.082
        88      4.729           4.719           5.606           5.110
        89      4.799           4.789           5.665           5.173
        90      4.886           4.877           5.745           5.268
        91      4.846           4.833           5.776           5.254
        92      4.778           4.765           5.684           5.169
        93      4.850           4.837           5.746           5.241
        94      4.884           4.875           5.782           5.268
        95      4.777           4.763           5.658           5.162
        96      4.811           4.806           5.672           5.186
        97      4.851           4.844           5.719           5.224
        98      4.959           4.949           5.812           5.328
        99      5.052           5.042           5.908           5.423
       100      5.024           5.015           5.870           5.391
       101      4.913           4.904           5.782           5.298
       102      4.794           4.782           5.715           5.200
       103      4.807           4.803           5.677           5.183
       104      5.132           5.133           5.969           5.491
       105      4.807           4.802           5.665           5.184
       106      4.952           4.950           5.812           5.330
       107      5.145           5.143           5.971           5.500
       108      4.887           4.882           5.748           5.264
       109      4.739           4.734           5.633           5.129
       110      4.855           4.848           5.732           5.241
       111      4.733           4.722           5.642           5.126
       112      4.560           4.557           5.437           4.941
       113      5.027           5.027           5.830           5.365
       114      4.698           4.707           5.565           5.071
       115      4.918           4.925           5.775           5.291
       116      4.935           4.934           5.807           5.312
       117      4.831           4.828           5.705           5.201
       118      4.842           4.843           5.729           5.218
       119      4.911           4.912           5.731           5.251
       120      4.805           4.803           5.657           5.164
       121      5.112           5.108           5.933           5.453
       122      4.960           4.961           5.806           5.324
       123      4.979           4.979           5.811           5.332
       124      4.823           4.825           5.632           5.161
       125      4.915           4.918           5.712           5.260
       126      5.008           5.015           5.809           5.356
       127      5.198           5.197           6.034           5.553
       128      5.219           5.215           6.021           5.560
       129      5.063           5.060           5.846           5.391
       130      4.905           4.905           5.725           5.259
       131      4.796           4.796           5.596           5.142
       132      4.929           4.928           5.763           5.287
       133      4.851           4.852           5.663           5.192
       134      4.757           4.761           5.595           5.122
       135      5.072           5.071           5.871           5.418
       136      5.013           5.011           5.846           5.370
       137      4.773           4.766           5.615           5.131
       138      4.949           4.942           5.804           5.309
       139      4.765           4.762           5.608           5.121
       140      5.194           5.194           6.010           5.534
       141      5.432           5.427           6.251           5.770
       142      5.290           5.290           6.116           5.638
       143      5.195           5.196           5.983           5.516
       144      5.241           5.242           6.031           5.576
       145      5.063           5.064           5.870           5.407
       146      4.834           4.836           5.648           5.177
       147      5.090           5.085           5.932           5.442
       148      5.193           5.190           6.014           5.533
       149      5.104           5.103           5.922           5.441
       150      5.562           5.562           6.306           5.867
       151      5.129           5.131           5.941           5.469
       152      5.018           5.018           5.840           5.364
       153      5.327           5.325           6.118           5.665
       154      5.263           5.260           6.091           5.615
       155      5.546           5.544           6.299           5.862
       156      5.151           5.150           5.969           5.492
       157      5.224           5.221           6.010           5.542
       158      5.140           5.141           6.003           5.504
       159      5.407           5.407           6.215           5.739
       160      5.277           5.276           6.102           5.624
       161      5.211           5.211           6.095           5.590
       162      5.120           5.114           5.981           5.486
       163      4.931           4.932           5.797           5.303
       164      4.953           4.949           5.832           5.317
       165      5.099           5.089           5.984           5.469
       166      4.916           4.917           5.772           5.267
       167      5.040           5.039           5.894           5.400
       168      4.851           4.847           5.734           5.223
       169      4.845           4.839           5.713           5.220
       170      4.807           4.806           5.650           5.155
       171      5.008           5.003           5.855           5.357
       172      4.989           4.984           5.859           5.349
       173      4.969           4.967           5.808           5.318
       174      4.936           4.928           5.808           5.303
       175      5.015           5.012           5.888           5.379
       176      5.100           5.094           5.974           5.470
       177      5.080           5.082           5.973           5.463
       178      4.839           4.837           5.732           5.216
       179      4.858           4.858           5.755           5.246
       180      4.669           4.666           5.580           5.056
       181      4.788           4.784           5.704           5.179
       182      4.892           4.890           5.766           5.271
       183      4.875           4.867           5.760           5.252
       184      4.991           4.988           5.866           5.364
       185      4.773           4.778           5.667           5.159
       186      5.097           5.094           5.931           5.450
       187      4.425           4.427           5.351           4.820
       188      4.584           4.580           5.506           4.978
       189      4.561           4.561           5.482           4.954
       190      4.603           4.599           5.506           4.987
       191      4.605           4.601           5.539           4.998
       192      4.460           4.461           5.400           4.861
       193      4.674           4.677           5.538           5.035
       194      4.399           4.405           5.301           4.778
       195      4.278           4.284           5.223           4.690
       196      4.433           4.440           5.357           4.833
       197      4.872           4.871           5.703           5.227
       198      4.597           4.608           5.501           4.992
       199      4.731           4.733           5.625           5.113
       200      4.624           4.634           5.531           5.012
       201      4.610           4.612           5.500           4.988
       202      4.641           4.644           5.534           5.023
       203      4.923           4.922           5.793           5.298
       204      4.628           4.625           5.517           5.006
       205      4.483           4.487           5.401           4.886
       206      4.608           4.601           5.491           4.989
       207      4.570           4.570           5.462           4.954
       208      4.627           4.630           5.484           4.988
       209      4.766           4.767           5.627           5.129
       210      4.533           4.530           5.432           4.915
       211      4.644           4.638           5.526           5.011
       212      4.653           4.655           5.562           5.031
       213      4.669           4.664           5.586           5.052
       214      4.608           4.609           5.500           4.969
       215      4.786           4.787           5.668           5.156
       216      4.588           4.583           5.487           4.956
       217      4.747           4.742           5.592           5.080
       218      4.534           4.529           5.402           4.880
       219      4.607           4.613           5.497           4.971
       220      4.369           4.368           5.272           4.736
       221      4.532           4.536           5.431           4.897
       222      4.442           4.442           5.383           4.825
       223      4.527           4.530           5.442           4.904
       224      4.846           4.850           5.765           5.235
       225      4.404           4.404           5.338           4.792
       226      4.301           4.308           5.267           4.704
       227      4.501           4.499           5.432           4.888
       228      4.393           4.397           5.365           4.799
       229      4.740           4.744           5.670           5.124
       230      4.685           4.691           5.584           5.055
       231      4.557           4.566           5.446           4.917
       232      4.639           4.648           5.507           4.999
       233      4.681           4.689           5.551           5.041
       234      4.590           4.607           5.454           4.955
       235      4.525           4.536           5.406           4.900
       236      4.556           4.567           5.440           4.939
       237      4.736           4.745           5.597           5.100
       238      4.471           4.483           5.351           4.841
       239      4.252           4.262           5.152           4.633
       240      4.506           4.510           5.391           4.876
       241      4.429           4.430           5.362           4.832
       242      4.464           4.469           5.386           4.855
       243      4.389           4.400           5.340           4.800
       244      4.268           4.279           5.212           4.675
       245      4.400           4.412           5.309           4.795
       246      4.395           4.408           5.291           4.780
       247      4.336           4.344           5.242           4.720
       248      4.435           4.446           5.324           4.805
       249      4.265           4.275           5.210           4.660
       250      4.460           4.467           5.363           4.836
       251      4.588           4.603           5.476           4.966
       252      4.397           4.404           5.338           4.793
       253      4.682           4.689           5.584           5.067
       254      4.699           4.701           5.604           5.083
       255      4.567           4.574           5.501           4.965
       256      4.539           4.547           5.461           4.921
       257      4.738           4.744           5.650           5.130
       258      4.636           4.653           5.553           5.025
       259      4.571           4.586           5.467           4.956
       260      4.458           4.470           5.366           4.850
       261      4.387           4.396           5.320           4.785
       262      4.377           4.378           5.305           4.769
       263      4.542           4.543           5.440           4.919
       264      4.366           4.365           5.299           4.756
       265      4.521           4.519           5.401           4.891
       266      4.578           4.581           5.477           4.962
       267      4.349           4.356           5.241           4.725
       268      4.358           4.359           5.225           4.719
       269      4.084           4.085           5.049           4.493
       270      4.405           4.407           5.325           4.803
       271      4.421           4.425           5.359           4.824
       272      4.396           4.399           5.315           4.784
       273      4.291           4.301           5.251           4.701
       274      4.330           4.330           5.284           4.728
       275      4.383           4.390           5.323           4.781
       276      4.542           4.545           5.473           4.927
       277      4.726           4.735           5.629           5.098
       278      4.419           4.420           5.378           4.819
       279      4.766           4.773           5.650           5.136
       280      4.624           4.620           5.548           5.010
       281      4.590           4.593           5.478           4.955
       282      4.902           4.900           5.797           5.271
       283      4.673           4.671           5.614           5.061
       284      4.773           4.778           5.674           5.150
       285      4.822           4.824           5.734           5.200
       286      4.779           4.777           5.694           5.157
       287      4.880           4.880           5.757           5.239
       288      4.573           4.577           5.469           4.943
       289      4.744           4.746           5.653           5.131
       290      4.878           4.877           5.754           5.238
       291      4.892           4.893           5.723           5.225
       292      4.826           4.828           5.721           5.199
       293      4.964           4.962           5.835           5.320
       294      4.752           4.757           5.630           5.127
       295      5.064           5.065           5.914           5.418
       296      5.154           5.153           6.021           5.515
       297      5.218           5.217           6.107           5.594
       298      5.417           5.412           6.291           5.782
       299      5.346           5.345           6.181           5.688
       300      5.088           5.083           6.008           5.472
       301      5.261           5.253           6.200           5.661
       302      5.459           5.455           6.349           5.830
       303      5.114           5.110           6.001           5.496
       304      5.726           5.721           6.594           6.092
       305      5.326           5.321           6.238           5.709
       306      5.576           5.578           6.421           5.935
       307      5.270           5.274           6.173           5.655
       308      5.119           5.128           6.032           5.507
       309      5.657           5.658           6.529           6.023
       310      5.680           5.686           6.538           6.036
       311      5.371           5.372           6.217           5.721
       312      4.932           4.938           5.834           5.312
       313      4.842           4.849           5.755           5.225
       314      5.090           5.089           5.975           5.459
       315      4.944           4.952           5.841           5.328
       316      5.078           5.083           5.975           5.455
       317      4.690           4.694           5.619           5.084
       318      4.810           4.811           5.709           5.187
       319      5.101           5.095           5.986           5.468
       320      4.882           4.886           5.775           5.264
       321      4.936           4.938           5.825           5.315
       322      4.896           4.900           5.814           5.291
       323      5.135           5.135           5.987           5.487
       324      4.859           4.855           5.813           5.269
       325      4.943           4.942           5.837           5.316
       326      4.907           4.897           5.822           5.288
       327      5.078           5.072           5.987           5.458
       328      5.273           5.272           6.129           5.625
       329      5.265           5.260           6.145           5.637
       330      4.928           4.922           5.842           5.315
       331      5.058           5.064           5.963           5.440
       332      5.024           5.027           5.879           5.375
       333      5.230           5.233           6.087           5.591
       334      5.132           5.135           6.000           5.500
       335      5.154           5.153           6.026           5.519
       336      5.183           5.180           6.026           5.536
       337      5.296           5.296           6.136           5.646
       338      4.988           4.983           5.847           5.351
       339      5.172           5.170           6.032           5.533
       340      5.070           5.066           5.896           5.415
       341      5.172           5.170           6.024           5.528
       342      5.087           5.090           5.934           5.440
       343      5.071           5.070           5.928           5.435
       344      5.123           5.124           5.951           5.470
       345      5.002           5.005           5.865           5.368
       346      4.942           4.952           5.795           5.302
       347      5.154           5.158           5.968           5.489
       348      5.157           5.156           5.998           5.508
       349      5.013           5.022           5.853           5.360
       350      4.996           5.003           5.841           5.345
       351      5.069           5.079           5.898           5.419
       352      5.417           5.419           6.229           5.750
       353      5.578           5.575           6.380           5.899
       354      5.398           5.399           6.216           5.734
       355      5.082           5.085           5.952           5.448
       356      5.213           5.213           6.057           5.558
       357      5.304           5.308           6.150           5.649
       358      4.843           4.846           5.729           5.211
       359      5.159           5.157           6.006           5.507
       360      5.014           5.024           5.861           5.369
       361      5.279           5.287           6.133           5.642
       362      5.324           5.326           6.175           5.684
       363      5.513           5.525           6.390           5.894
       364      5.613           5.626           6.448           5.965
       365      5.737           5.742           6.574           6.085
       366      6.011           6.008           6.814           6.334
       367      5.152           5.163           6.018           5.521
       368      5.328           5.337           6.188           5.690
       369      5.334           5.348           6.148           5.685
       370      5.069           5.074           5.955           5.451
       371      5.063           5.066           5.925           5.427
       372      5.486           5.496           6.288           5.829
       373      4.913           4.926           5.769           5.291
       374      5.114           5.126           5.998           5.501
       375      5.321           5.327           6.163           5.675
       376      4.869           4.880           5.732           5.252
       377      5.248           5.262           6.058           5.599
       378      5.230           5.240           6.047           5.587
       379      5.355           5.369           6.186           5.719
       380      5.156           5.169           5.989           5.516
       381      5.310           5.329           6.143           5.677
       382      5.450           5.459           6.286           5.815
       383      5.452           5.474           6.274           5.807
       384      5.462           5.480           6.290           5.824
       385      5.260           5.276           6.121           5.629
       386      5.405           5.422           6.267           5.785
       387      5.337           5.352           6.185           5.710
       388      5.073           5.088           5.960           5.469
       389      5.077           5.088           5.965           5.470
       390      5.260           5.274           6.134           5.638
       391      5.076           5.091           5.892           5.438
       392      4.890           4.896           5.796           5.299
       393      5.224           5.235           6.100           5.608
       394      5.215           5.230           6.119           5.617
       395      5.282           5.297           6.146           5.659
       396      5.253           5.257           6.119           5.631
       397      5.313           5.325           6.158           5.684
       398      5.339           5.350           6.137           5.683
       399      5.306           5.309           6.179           5.689
       400      5.203           5.211           6.026           5.563
       401      5.318           5.319           6.148           5.674
       402      5.405           5.403           6.229           5.759
       403      5.361           5.358           6.186           5.717
       404      5.378           5.382           6.195           5.734
       405      5.768           5.767           6.549           6.106
       406      5.558           5.557           6.345           5.894
       407      5.609           5.605           6.374           5.928
       408      5.667           5.668           6.401           5.965
       409      5.769           5.769           6.497           6.064
       410      5.343           5.343           6.146           5.682
       411      5.166           5.168           5.988           5.522
       412      5.233           5.237           6.056           5.584
       413      5.334           5.334           6.161           5.688
       414      5.304           5.305           6.154           5.675
       415      5.154           5.154           5.998           5.517
       416      5.031           5.032           5.895           5.408
       417      5.104           5.104           5.977           5.477
       418      4.900           4.895           5.816           5.292
       419      5.038           5.031           5.884           5.399
       420      5.450           5.451           6.222           5.769
       421      5.645           5.636           6.467           5.986
       422      5.977           5.975           6.667           6.257
       423      5.721           5.715           6.491           6.037
       424      5.899           5.897           6.641           6.205
       425      6.062           6.056           6.772           6.345
       426      5.979           5.977           6.704           6.276
       427      5.413           5.406           6.218           5.749
       428      5.417           5.412           6.213           5.746
       429      5.425           5.416           6.247           5.764
       430      5.640           5.629           6.443           5.970
       431      5.657           5.644           6.459           5.982
       432      5.593           5.587           6.368           5.915
       433      5.407           5.407           6.243           5.753
       434      5.706           5.708           6.478           6.022
       435      5.460           5.461           6.268           5.794
       436      5.482           5.484           6.289           5.817
       437      5.366           5.364           6.167           5.700
       438      5.058           5.058           5.909           5.413
       439      5.219           5.219           6.027           5.559
       440      5.092           5.094           5.930           5.446
       441      5.176           5.176           6.049           5.546
       442      5.142           5.145           5.963           5.495
       443      5.751           5.751           6.490           6.054
       444      5.525           5.528           6.341           5.865
       445      5.619           5.621           6.436           5.958
       446      5.660           5.660           6.465           5.990
       447      5.689           5.688           6.493           6.020
       448      5.547           5.550           6.362           5.894
       449      5.805           5.803           6.608           6.135
       450      5.658           5.664           6.477           5.998
       451      5.775           5.776           6.573           6.095
       452      5.501           5.502           6.346           5.855
       453      5.227           5.226           6.128           5.609
       454      5.238           5.240           6.124           5.615
       455      5.288           5.294           6.176           5.670
       456      5.681           5.685           6.494           6.013
       457      5.762           5.770           6.562           6.089
       458      5.684           5.681           6.473           6.003
       459      5.484           5.485           6.293           5.810
       460      5.608           5.603           6.435           5.948
       461      5.757           5.758           6.562           6.078
       462      5.481           5.481           6.307           5.818
       463      5.812           5.816           6.589           6.122
       464      5.504           5.503           6.359           5.857
       465      5.548           5.549           6.386           5.886
       466      5.608           5.606           6.410           5.933
       467      5.486           5.487           6.340           5.835
       468      5.483           5.483           6.320           5.824
       469      5.379           5.377           6.159           5.695
       470      5.561           5.566           6.337           5.883
       471      5.364           5.366           6.221           5.732
       472      5.560           5.559           6.396           5.914
       473      5.379           5.375           6.203           5.725
       474      5.483           5.487           6.265           5.814
       475      5.477           5.478           6.297           5.819
       476      5.568           5.571           6.373           5.900
       477      5.658           5.655           6.481           5.997
       478      5.532           5.530           6.310           5.855
       479      5.743           5.746           6.501           6.049
       480      5.798           5.796           6.567           6.107
       481      5.740           5.742           6.513           6.055
       482      5.724           5.723           6.482           6.035
       483      5.999           5.999           6.734           6.290
       484      5.777           5.774           6.538           6.086
       485      5.894           5.889           6.668           6.205
       486      5.603           5.604           6.425           5.938
       487      5.764           5.771           6.534           6.083
       488      5.848           5.848           6.609           6.155
       489      6.087           6.087           6.798           6.368
       490      5.936           5.930           6.735           6.252
       491      5.705           5.702           6.513           6.029
       492      5.581           5.584           6.356           5.895
       493      5.535           5.533           6.352           5.873
       494      5.912           5.906           6.683           6.217
       495      5.913           5.911           6.637           6.204
       496      6.047           6.047           6.798           6.346
       497      6.081           6.080           6.863           6.401
       498      6.018           6.015           6.803           6.342
       499      6.011           6.009           6.780           6.317
       500      6.012           6.011           6.749           6.309
       501      6.021           6.024           6.768           6.325
