  Frame #         RMSD         rGyr      intraHB        MolSA         SASA          PSA
        0        0.000        6.419            2      570.890      420.651      430.270
        1        1.718        5.905            2      567.043      326.244      408.405
        2        1.646        5.689            2      561.382      347.588      386.802
        3        1.625        6.318            1      568.094      288.660      412.860
        4        1.638        5.934            0      560.068      253.563      386.016
        5        1.847        6.232            2      562.616      291.831      403.534
        6        1.957        6.350            0      559.467      306.783      388.628
        7        1.815        6.611            1      581.842      281.605      419.791
        8        1.651        6.256            2      565.222      281.237      389.625
        9        1.838        6.343            1      565.918      291.449      401.339
       10        2.002        6.929            1      576.371      397.170      421.947
       11        2.092        7.015            1      567.507      322.644      401.071
       12        2.616        7.170            1      575.920      381.280      425.184
       13        2.413        7.052            0      573.358      345.833      412.612
       14        2.268        6.953            2      576.205      382.285      428.769
       15        2.208        6.952            1      576.002      386.112      417.347
       16        2.291        6.916            2      576.366      384.258      422.067
       17        1.882        6.885            1      576.205      384.305      425.033
       18        2.195        7.018            1      577.441      424.660      421.690
       19        2.474        7.008            2      570.894      396.901      407.493
       20        2.599        7.121            0      579.908      433.668      426.190
       21        1.901        6.904            1      577.840      451.034      427.447
       22        1.928        6.812            2      576.925      397.996      418.498
       23        2.133        7.085            1      576.679      433.207      414.044
       24        2.126        6.971            2      572.785      448.041      405.721
       25        2.039        6.799            2      572.962      402.883      404.838
       26        2.346        6.899            0      557.175      436.189      373.816
       27        1.713        6.578            1      568.181      461.139      392.854
       28        2.074        6.887            1      571.141      448.030      401.853
       29        2.388        6.900            1      572.547      448.721      422.637
       30        2.472        6.980            0      572.307      509.731      407.882
       31        2.561        7.163            1      580.542      497.337      423.944
       32        2.385        7.113            2      571.581      445.949      401.014
       33        2.431        6.954            1      579.104      444.145      427.052
       34        1.887        6.731            0      573.555      442.367      409.613
       35        2.875        7.225            2      574.605      447.764      421.700
       36        2.974        6.767            0      576.989      533.888      417.109
       37        2.758        7.286            2      573.587      512.760      409.681
       38        2.005        6.849            1      573.339      497.423      408.487
       39        2.380        7.006            1      569.854      465.236      401.377
       40        1.753        6.636            1      569.514      490.110      404.530
       41        2.294        6.925            1      576.535      500.021      422.405
       42        1.898        6.681            1      573.366      481.020      408.091
       43        1.894        6.712            1      576.613      538.067      424.215
       44        2.517        7.012            1      574.460      490.668      418.921
       45        1.896        6.449            1      576.909      472.174      416.980
       46        1.981        6.777            0      572.803      530.945      415.036
       47        2.879        6.915            1      573.007      493.767      406.336
       48        2.370        7.115            0      572.020      484.354      395.800
       49        2.074        6.897            0      579.292      468.264      419.176
       50        2.089        6.936            0      571.221      489.445      410.142
       51        2.269        6.757            1      577.161      494.505      421.575
       52        2.399        7.073            1      573.522      497.805      414.980
       53        2.736        6.929            1      572.935      527.019      417.522
       54        2.616        7.151            1      572.935      532.026      415.242
       55        3.149        7.057            0      580.848      561.163      420.789
       56        3.503        6.855            1      583.858      496.703      433.950
       57        3.434        7.181            2      567.186      497.290      397.481
       58        2.087        6.758            2      562.644      461.522      379.606
       59        2.119        6.777            1      572.076      503.795      413.866
       60        2.330        7.027            2      575.324      517.685      416.774
       61        2.563        7.131            2      575.091      508.901      432.431
       62        2.297        7.044            0      580.290      505.479      429.800
       63        2.254        6.977            1      573.339      481.644      408.890
       64        2.417        6.987            1      571.371      455.200      397.329
       65        1.575        6.627            0      577.114      441.506      425.938
       66        1.698        6.905            1      576.354      442.055      427.146
       67        1.667        6.625            2      573.869      452.142      420.817
       68        1.980        6.783            0      575.121      445.823      426.283
       69        1.955        6.871            2      578.501      450.181      422.288
       70        1.884        6.895            0      576.177      469.523      419.557
       71        1.893        5.954            0      572.640      375.165      417.296
       72        2.191        6.463            2      578.045      418.039      419.774
       73        1.971        6.404            0      574.665      400.440      423.010
       74        2.027        6.341            1      574.770      393.075      421.822
       75        1.886        6.639            2      581.685      398.618      423.683
       76        2.397        7.123            1      576.810      417.867      410.771
       77        2.120        6.975            1      575.698      414.037      415.567
       78        2.326        6.910            2      564.533      399.141      395.872
       79        2.266        7.031            1      574.799      395.748      411.305
       80        2.205        5.832            2      576.871      427.997      425.037
       81        2.442        6.379            2      569.868      406.623      403.805
       82        2.745        6.602            2      574.718      445.703      414.899
       83        2.378        7.203            0      576.630      441.067      422.615
       84        2.203        6.908            2      574.802      418.448      404.163
       85        2.309        7.105            1      576.853      402.886      422.525
       86        2.046        6.901            1      571.442      399.539      418.897
       87        2.577        7.055            1      571.402      418.493      412.434
       88        2.400        7.105            1      581.019      403.933      425.274
       89        2.134        6.971            2      575.416      410.883      414.615
       90        2.242        7.009            2      576.943      431.442      428.847
       91        2.299        7.104            1      578.298      442.769      426.215
       92        2.250        6.891            1      572.868      389.511      408.545
       93        2.006        6.771            1      573.899      411.167      415.279
       94        2.649        7.091            0      574.466      468.872      415.060
       95        2.236        6.925            2      574.858      420.431      418.536
       96        2.246        7.093            1      574.440      429.501      424.987
       97        2.513        7.127            2      570.163      448.805      404.755
       98        2.039        6.392            0      571.898      332.718      416.946
       99        1.964        6.441            0      578.833      411.352      409.698
      100        1.722        6.580            1      582.227      394.336      427.899
      101        2.088        6.905            1      573.032      406.290      417.081
      102        2.276        6.923            1      573.470      432.920      417.359
      103        2.205        6.832            2      570.805      407.182      418.623
      104        1.953        6.927            2      579.900      415.187      424.366
      105        2.481        7.087            1      569.916      413.132      396.430
      106        2.474        7.047            1      567.971      434.183      404.675
      107        2.150        7.005            1      576.004      393.851      421.353
      108        1.923        6.397            1      568.421      370.319      402.312
      109        1.475        5.959            0      573.323      393.736      412.661
      110        1.456        6.110            1      581.497      354.967      425.860
      111        1.757        5.677            0      577.191      378.746      412.630
      112        1.547        6.191            0      574.902      342.003      411.451
      113        1.528        6.248            0      572.276      397.361      412.997
      114        1.589        5.937            2      579.169      401.474      418.663
      115        1.384        6.168            0      578.271      400.123      424.479
      116        1.529        5.909            1      576.455      376.446      412.829
      117        1.697        5.628            1      567.603      377.327      402.807
      118        1.581        6.034            0      575.771      371.524      420.915
      119        1.372        6.116            1      572.300      388.155      417.286
      120        1.411        5.870            1      577.260      397.958      416.510
      121        1.493        6.164            1      576.006      393.217      410.342
      122        1.860        5.504            2      570.269      401.480      393.561
      123        1.632        6.272            0      574.085      415.057      418.440
      124        1.745        6.270            2      570.503      365.794      412.937
      125        1.768        6.312            1      569.102      367.886      405.117
      126        1.740        6.312            0      579.396      398.866      414.863
      127        1.989        6.967            1      580.920      461.653      422.950
      128        2.563        7.138            0      577.169      449.676      420.875
      129        2.248        7.062            2      576.081      459.477      416.206
      130        2.152        7.033            1      576.606      489.541      420.756
      131        2.406        6.882            1      573.563      398.194      406.517
      132        2.172        6.823            1      576.080      409.056      412.477
      133        1.900        6.802            2      577.488      435.648      413.696
      134        2.052        6.927            2      577.017      398.401      422.578
      135        2.255        6.997            0      576.331      398.500      421.107
      136        2.094        6.959            2      573.240      402.879      413.329
      137        2.090        6.772            2      573.271      401.856      409.994
      138        1.681        6.473            0      575.588      381.259      418.731
      139        2.357        6.579            2      571.974      386.947      403.972
      140        2.028        6.602            1      569.356      397.469      406.555
      141        2.352        7.049            1      572.985      415.628      416.991
      142        2.265        7.027            1      573.559      437.550      411.082
      143        2.338        7.015            2      570.053      414.006      397.670
      144        2.183        7.072            2      574.838      403.954      405.703
      145        2.382        7.076            2      570.867      396.069      410.232
      146        2.864        7.320            1      572.376      412.071      401.579
      147        2.453        7.103            1      564.428      405.136      389.456
      148        2.275        6.875            2      572.402      419.997      410.544
      149        2.249        6.976            1      574.630      383.610      399.239
      150        2.200        6.735            1      570.907      364.863      406.692
      151        2.082        6.762            1      579.883      382.592      423.330
      152        2.240        6.354            2      576.649      352.421      414.828
      153        1.898        6.278            2      567.164      370.339      394.761
      154        1.772        5.760            1      571.690      354.722      407.941
      155        2.868        7.235            2      572.642      396.101      397.059
      156        2.204        6.979            0      577.526      388.618      406.890
      157        1.899        6.346            0      566.329      396.650      395.201
      158        1.815        6.641            0      578.124      433.569      421.355
      159        1.718        5.711            0      575.497      378.476      413.597
      160        1.525        5.855            2      574.243      404.931      416.374
      161        1.658        5.695            1      572.755      384.503      408.290
      162        1.478        5.926            1      573.674      356.992      409.467
      163        1.522        5.856            1      574.064      351.718      420.851
      164        1.548        5.787            1      574.939      343.885      416.119
      165        1.202        6.048            2      578.247      362.118      425.660
      166        1.403        6.026            0      573.118      371.319      421.806
      167        1.403        5.918            1      576.613      321.662      423.356
      168        1.584        5.841            1      572.035      348.928      417.562
      169        1.671        5.859            0      576.131      325.220      414.890
      170        1.634        5.784            0      569.294      346.888      403.796
      171        1.691        5.794            1      570.178      316.650      405.641
      172        1.635        5.755            1      570.674      324.417      399.663
      173        1.613        5.707            1      579.866      364.474      426.048
      174        1.328        6.009            2      572.627      388.034      418.241
      175        1.519        5.798            1      576.976      353.566      427.115
      176        1.548        5.883            2      580.338      386.585      415.586
      177        1.945        6.635            2      570.635      434.033      407.433
      178        2.425        6.972            2      569.197      396.413      399.180
      179        1.808        6.812            1      580.506      417.229      421.457
      180        1.815        6.726            1      577.257      408.165      408.717
      181        1.806        6.706            1      575.685      411.901      410.909
      182        1.845        6.721            2      576.098      431.364      414.970
      183        2.675        7.151            0      577.529      435.211      418.997
      184        1.779        6.610            1      575.561      413.123      408.964
      185        1.799        6.725            2      579.482      404.076      423.555
      186        1.538        6.061            1      575.410      386.027      422.789
      187        1.546        6.038            1      577.399      347.069      406.113
      188        1.623        5.780            1      564.703      348.108      413.339
      189        1.558        6.034            0      572.830      345.617      409.012
      190        1.349        6.285            1      578.559      372.711      420.470
      191        1.381        5.966            0      574.350      354.735      426.243
      192        1.598        5.830            1      571.989      323.295      408.838
      193        1.552        6.225            0      580.161      360.946      420.582
      194        1.956        6.771            1      574.356      429.944      402.034
      195        1.606        6.389            1      580.602      391.316      415.208
      196        1.390        5.914            1      571.800      376.722      424.904
      197        1.757        6.270            1      572.435      394.610      403.959
      198        1.637        6.284            1      576.657      390.972      428.328
      199        1.743        6.717            1      576.877      423.457      422.375
      200        1.569        6.275            0      569.719      367.736      401.173
      201        1.705        6.438            2      573.877      400.354      411.490
      202        1.819        6.546            2      571.111      425.577      409.654
      203        1.426        6.513            0      575.877      455.181      413.371
      204        1.870        6.835            2      581.953      404.139      431.136
      205        1.834        6.706            0      578.029      418.284      427.838
      206        2.459        6.753            0      572.410      423.529      409.414
      207        2.696        7.063            2      577.116      413.229      410.333
      208        2.719        6.695            0      572.758      408.153      411.331
      209        2.504        6.780            1      566.307      390.793      393.775
      210        2.916        6.931            1      574.967      434.200      422.071
      211        2.404        6.903            1      568.464      396.518      406.630
      212        2.244        7.033            1      573.373      443.780      405.909
      213        2.067        6.756            2      569.266      418.210      421.223
      214        2.372        6.972            1      574.952      450.661      401.139
      215        2.177        6.881            0      577.648      409.889      420.380
      216        2.497        7.018            1      569.883      400.363      399.409
      217        2.380        6.740            1      573.339      422.951      406.390
      218        2.448        6.837            0      571.808      391.459      407.859
      219        2.269        6.858            0      574.448      404.944      416.901
      220        1.847        6.779            2      574.480      442.950      411.114
      221        2.511        6.838            1      566.484      403.481      392.427
      222        1.901        6.794            1      568.888      403.819      412.061
      223        1.997        6.728            1      566.074      421.926      391.810
      224        2.203        6.835            1      569.879      409.997      398.427
      225        2.196        6.909            1      571.721      418.517      405.931
      226        2.356        6.880            1      564.486      422.832      391.071
      227        1.901        6.729            1      570.097      423.333      412.189
      228        2.093        6.692            1      575.590      427.940      416.092
      229        2.147        6.406            2      573.614      365.218      403.586
      230        2.316        6.692            1      571.336      417.474      407.731
      231        1.792        6.587            1      576.495      394.107      414.997
      232        2.093        6.763            2      567.214      386.797      394.877
      233        1.929        6.785            2      574.408      447.057      409.157
      234        2.323        6.688            1      567.512      395.656      403.347
      235        1.966        6.445            2      576.752      406.723      422.262
      236        1.821        6.340            0      569.357      412.095      398.835
      237        2.057        6.841            1      565.690      418.661      396.843
      238        1.936        6.460            1      570.322      378.590      402.031
      239        1.915        6.761            0      571.287      450.261      397.860
      240        2.094        6.834            1      574.058      407.221      418.470
      241        1.903        6.710            1      566.368      397.799      400.460
      242        1.925        6.514            1      572.461      396.261      409.359
      243        2.197        6.832            2      569.543      418.120      403.496
      244        2.177        6.869            1      575.967      449.741      419.043
      245        1.888        6.906            1      577.416      454.206      424.265
      246        2.109        6.990            0      576.087      454.634      410.039
      247        2.293        6.940            1      574.585      429.855      406.432
      248        2.436        6.951            1      567.108      417.977      399.761
      249        2.044        6.910            2      575.143      428.914      421.035
      250        2.182        6.806            0      578.166      437.736      409.105
      251        2.043        6.710            2      576.776      421.104      425.812
      252        2.327        7.047            1      578.617      439.211      422.373
      253        2.032        6.494            0      573.143      414.094      400.703
      254        2.233        6.790            2      576.838      400.169      422.829
      255        2.187        6.496            1      561.693      379.285      383.321
      256        2.685        7.011            1      567.489      424.999      400.656
      257        1.880        6.617            1      568.943      364.442      397.038
      258        2.348        7.102            1      570.400      455.152      400.765
      259        1.906        6.402            0      570.904      420.358      410.475
      260        1.942        6.696            0      577.243      443.532      417.309
      261        2.228        6.924            1      575.223      433.231      423.412
      262        2.131        6.899            1      572.464      447.999      408.479
      263        2.140        6.916            2      572.849      423.342      412.854
      264        2.306        6.804            2      580.882      402.642      425.970
      265        2.080        6.838            2      575.369      462.933      411.749
      266        2.139        6.706            0      574.587      399.276      414.630
      267        2.248        6.985            1      570.601      407.874      408.715
      268        1.817        6.736            0      574.680      379.100      419.934
      269        2.065        6.880            2      574.783      449.291      417.866
      270        2.117        6.777            2      571.835      438.521      415.978
      271        1.950        6.688            1      568.832      427.409      402.559
      272        2.220        7.048            1      577.173      444.278      426.257
      273        2.042        6.579            2      567.155      411.654      402.644
      274        2.519        7.080            0      577.722      444.596      422.923
      275        2.029        6.897            1      576.306      405.361      403.243
      276        2.286        6.734            1      577.061      395.498      408.286
      277        1.914        6.776            1      569.025      449.751      411.604
      278        2.528        7.065            0      574.183      463.530      409.648
      279        2.841        7.065            1      568.270      433.511      401.492
      280        3.749        6.923            1      576.532      483.852      415.196
      281        3.596        6.760            1      574.501      437.239      410.853
      282        3.462        6.917            2      573.837      455.035      405.170
      283        2.492        6.607            1      572.667      452.861      408.154
      284        2.350        6.401            1      581.245      436.586      426.880
      285        2.399        6.093            2      568.473      412.242      415.881
      286        2.185        5.650            0      580.746      402.201      394.128
      287        2.227        5.794            1      570.888      432.662      394.672
      288        2.615        5.191            2      542.656      356.340      356.163
      289        2.220        6.021            1      568.465      451.979      401.000
      290        2.030        5.797            1      560.316      437.552      384.369
      291        2.438        6.379            2      568.681      446.537      407.943
      292        2.485        5.318            0      548.470      368.262      399.509
      293        2.462        5.304            2      549.519      345.060      386.990
      294        1.792        5.863            0      564.960      382.013      419.711
      295        1.587        6.016            2      578.241      394.646      424.392
      296        1.757        5.706            1      575.651      361.635      428.113
      297        1.800        5.545            2      570.377      356.355      419.723
      298        2.678        5.155            0      546.883      344.893      379.781
      299        1.400        5.872            1      576.721      410.367      420.134
      300        1.459        5.916            2      574.593      369.829      422.752
      301        1.627        5.727            1      576.864      343.067      417.977
      302        1.435        5.916            1      568.872      365.699      402.760
      303        1.375        5.931            1      579.435      350.551      422.730
      304        1.717        5.666            2      577.309      388.134      420.239
      305        1.703        5.748            0      559.970      356.244      390.518
      306        1.571        5.808            1      576.052      365.030      412.060
      307        1.397        5.824            1      572.215      385.717      410.231
      308        1.601        5.806            1      573.868      371.881      407.909
      309        1.437        5.868            2      576.032      361.011      421.493
      310        1.480        5.758            2      569.395      386.961      408.638
      311        1.623        5.719            2      576.271      347.067      419.497
      312        1.774        5.734            1      572.666      361.002      396.519
      313        1.181        5.949            2      575.480      396.616      428.793
      314        1.578        5.715            1      574.029      401.037      415.605
      315        1.404        6.012            2      576.906      396.292      417.245
      316        1.475        5.791            1      578.983      361.974      416.644
      317        1.507        5.776            1      580.043      381.634      424.728
      318        1.661        5.728            2      570.384      377.381      409.100
      319        1.669        5.633            2      568.857      384.333      411.361
      320        1.480        5.806            0      576.189      378.570      410.823
      321        1.610        5.806            1      573.665      342.682      416.869
      322        1.683        5.734            2      579.624      426.481      422.109
      323        1.550        5.899            2      575.455      376.160      425.818
      324        1.238        5.943            2      579.373      394.790      425.880
      325        1.502        5.768            2      574.079      393.799      424.086
      326        1.724        5.848            0      575.980      373.176      412.991
      327        1.600        5.779            1      573.299      437.034      406.579
      328        1.755        5.586            0      571.302      381.818      411.930
      329        1.547        5.814            2      576.749      376.761      416.324
      330        1.720        5.648            0      569.184      399.939      402.081
      331        1.439        5.894            1      572.077      364.341      408.223
      332        2.474        5.381            1      558.379      384.077      391.009
      333        1.920        5.664            2      571.120      361.580      423.679
      334        2.524        5.347            2      555.234      372.262      390.905
      335        2.598        5.255            1      547.106      355.014      378.811
      336        2.615        5.271            2      551.199      358.582      379.732
      337        2.530        5.396            2      553.134      369.507      392.402
      338        2.629        5.146            1      551.540      359.924      381.750
      339        2.457        5.344            2      565.261      407.296      408.290
      340        2.501        5.346            2      567.234      400.855      399.223
      341        2.469        5.511            2      563.394      361.022      391.263
      342        2.798        5.363            2      545.017      368.826      402.470
      343        2.608        5.304            2      561.155      400.307      398.321
      344        3.083        5.005            1      524.856      317.459      356.249
      345        2.722        5.273            1      550.974      378.805      383.634
      346        2.798        5.199            2      542.845      386.940      378.147
      347        2.893        5.128            0      529.461      355.213      382.858
      348        2.761        5.283            1      546.716      356.695      378.853
      349        2.959        5.203            1      531.486      337.430      373.192
      350        3.011        4.968            2      536.362      351.743      376.194
      351        2.828        5.169            1      537.971      313.657      386.219
      352        2.712        5.111            2      544.538      348.518      393.028
      353        2.390        5.297            0      557.410      377.822      401.329
      354        1.833        5.532            1      558.867      381.564      391.529
      355        2.687        5.052            1      545.563      327.268      360.052
      356        2.958        5.114            1      531.872      335.567      370.006
      357        2.715        5.396            0      545.482      357.112      376.458
      358        2.535        5.305            2      552.963      354.960      387.629
      359        2.796        5.068            2      545.998      339.608      356.405
      360        2.802        5.277            0      541.738      359.909      359.247
      361        2.285        5.466            2      556.426      402.944      376.937
      362        2.576        5.201            2      550.322      357.454      353.146
      363        2.363        5.567            1      563.944      355.589      375.510
      364        2.469        5.620            0      561.184      354.466      353.660
      365        1.837        5.577            1      565.986      351.884      402.591
      366        1.898        5.629            0      568.317      376.104      379.566
      367        1.795        5.560            1      563.256      377.710      383.732
      368        1.819        5.703            2      568.416      377.337      405.900
      369        1.816        5.523            1      565.308      371.140      392.259
      370        2.408        7.253            2      582.014      499.154      442.558
      371        2.221        6.866            1      567.913      450.665      407.254
      372        2.525        6.639            1      575.805      458.371      415.548
      373        2.675        6.870            1      566.742      447.712      390.549
      374        2.567        6.803            1      575.434      448.473      407.257
      375        2.656        6.547            1      572.708      466.076      397.249
      376        2.374        6.523            1      573.497      457.148      401.282
      377        2.089        6.149            1      567.954      476.503      399.260
      378        1.894        6.042            1      571.211      525.402      404.862
      379        2.146        5.914            0      566.845      520.255      397.712
      380        3.684        7.268            1      580.671      500.793      423.074
      381        2.496        6.073            1      572.581      461.027      411.647
      382        3.192        4.915            2      510.579      360.249      360.089
      383        2.697        5.177            1      544.638      394.145      365.316
      384        3.310        4.835            1      500.399      343.389      373.686
      385        3.384        4.757            1      499.247      305.537      366.139
      386        3.168        4.808            2      500.960      359.903      337.404
      387        3.407        4.764            1      496.547      426.815      373.990
      388        3.498        4.742            1      499.227      457.975      367.268
      389        3.206        4.759            2      490.080      361.439      341.937
      390        3.383        4.627            1      488.146      340.044      347.847
      391        3.317        4.730            2      486.325      344.261      341.219
      392        3.303        4.751            0      492.570      376.790      352.742
      393        2.667        5.202            0      535.497      414.427      352.958
      394        3.075        4.891            2      499.990      333.752      335.291
      395        3.371        4.788            2      484.371      321.672      344.141
      396        3.277        4.803            0      487.876      292.507      331.463
      397        3.009        4.875            1      503.891      292.952      334.548
      398        2.937        4.968            0      536.874      328.207      378.320
      399        3.368        4.753            2      487.038      289.480      341.924
      400        3.314        4.789            2      487.066      304.434      333.221
      401        3.211        4.780            1      501.821      309.662      349.419
      402        3.153        4.813            2      515.273      307.094      369.939
      403        3.049        4.852            3      508.861      270.720      362.405
      404        3.048        4.896            2      520.350      318.725      367.083
      405        2.489        6.053            1      564.113      460.376      395.599
      406        2.708        6.310            1      563.586      439.627      384.246
      407        2.585        5.801            0      573.297      419.505      403.953
      408        3.163        7.053            2      563.304      410.485      389.944
      409        3.011        6.893            0      562.626      424.421      385.341
      410        3.171        6.580            2      563.724      405.889      385.592
      411        3.885        6.799            0      561.850      445.137      381.369
      412        2.933        6.283            1      560.145      330.684      381.211
      413        3.388        6.845            0      570.730      381.272      406.441
      414        2.545        6.755            1      570.944      467.267      403.827
      415        2.882        6.982            2      565.483      448.060      390.043
      416        2.416        6.493            2      575.340      439.856      408.485
      417        2.553        6.702            1      572.824      453.612      412.899
      418        2.919        6.806            2      574.487      440.995      414.432
      419        3.221        6.660            1      556.230      413.037      386.092
      420        3.019        6.646            1      572.133      446.859      395.806
      421        3.337        6.936            2      572.909      449.881      406.709
      422        3.155        6.636            1      571.113      436.835      409.044
      423        2.932        6.661            1      575.286      461.941      419.451
      424        3.450        6.977            0      570.891      478.651      408.473
      425        3.137        6.985            2      560.227      437.674      393.284
      426        3.362        7.392            2      576.017      514.889      406.857
      427        3.090        6.751            1      569.666      511.055      405.651
      428        3.080        7.285            0      571.698      498.957      397.181
      429        2.914        6.884            1      570.179      432.410      399.438
      430        3.027        6.613            1      551.023      434.324      375.398
      431        3.429        6.746            0      569.654      455.618      400.705
      432        3.657        6.945            0      566.154      442.727      397.495
      433        3.035        6.336            1      564.075      451.533      388.351
      434        3.266        6.021            0      569.443      445.232      402.471
      435        2.700        6.064            0      572.754      482.639      408.756
      436        3.263        7.003            1      567.057      503.046      403.442
      437        3.329        7.234            1      568.507      482.930      401.297
      438        2.288        6.428            1      564.252      425.294      401.645
      439        3.214        7.038            2      570.239      474.346      400.798
      440        3.033        6.735            2      570.203      510.175      407.321
      441        2.660        5.620            2      558.019      418.664      394.185
      442        3.306        6.979            2      560.688      477.677      389.745
      443        2.773        6.745            1      570.239      470.695      405.233
      444        2.958        6.992            1      565.498      469.173      398.956
      445        3.141        7.157            2      576.340      507.725      419.466
      446        2.972        7.272            1      577.035      519.841      426.556
      447        2.890        7.031            0      576.907      511.620      425.067
      448        3.428        7.456            2      574.135      572.269      417.853
      449        3.149        7.257            2      576.447      519.851      420.771
      450        2.845        6.824            1      560.175      465.263      391.853
      451        2.893        7.025            2      566.471      476.874      393.967
      452        2.913        7.284            2      569.763      524.026      424.509
      453        2.580        7.125            1      575.799      579.124      432.045
      454        2.232        7.223            1      574.260      557.281      427.692
      455        3.123        7.374            2      571.505      558.225      430.103
      456        1.787        6.013            2      577.328      562.932      433.838
      457        3.100        7.570            0      574.657      493.248      432.537
      458        3.116        7.372            2      571.419      481.430      436.666
      459        3.371        7.569            0      578.633      488.452      437.741
      460        3.163        7.382            2      577.092      491.712      428.331
      461        3.184        7.622            2      576.353      468.183      425.955
      462        3.310        7.517            0      576.119      503.311      433.505
      463        3.763        7.476            1      570.259      490.150      435.690
      464        3.462        7.695            2      578.819      480.656      436.331
      465        3.387        7.531            0      579.955      489.248      437.701
      466        3.083        7.213            2      570.931      468.068      434.293
      467        3.178        7.211            0      575.087      458.679      432.001
      468        3.138        7.532            1      578.454      467.715      431.010
      469        3.379        7.588            2      580.451      447.548      432.970
      470        3.037        7.406            1      575.920      470.867      436.981
      471        3.503        7.633            1      578.850      480.084      435.715
      472        2.578        7.370            1      571.493      480.481      430.078
      473        2.743        7.530            1      581.981      500.638      433.168
      474        3.380        7.470            1      575.106      450.449      433.587
      475        3.272        7.666            0      578.573      482.257      435.488
      476        2.952        7.563            1      579.876      499.382      429.943
      477        2.879        7.185            0      576.979      511.796      441.100
      478        3.048        7.587            2      575.800      478.788      431.207
      479        3.057        7.627            0      580.682      488.788      431.792
      480        3.212        7.652            0      580.551      476.014      432.966
      481        2.960        7.302            0      573.834      459.889      428.864
      482        2.952        7.482            1      571.294      450.356      427.177
      483        3.187        7.590            1      575.777      451.233      430.808
      484        3.198        7.507            1      577.065      469.105      440.881
      485        2.969        7.625            1      578.174      479.576      436.781
      486        3.051        7.529            1      579.761      491.949      437.670
      487        2.306        7.387            1      577.139      488.502      435.249
      488        2.187        7.206            2      575.609      484.143      420.781
      489        2.644        7.668            0      582.938      496.013      438.580
      490        2.922        7.536            2      574.392      487.269      425.257
      491        2.833        7.601            1      578.640      519.632      426.196
      492        3.177        7.565            1      579.285      493.958      433.194
      493        2.862        7.356            1      570.253      461.950      424.566
      494        3.673        7.820            2      576.613      544.393      424.755
      495        2.858        7.638            0      573.122      493.693      425.121
      496        2.985        7.337            0      573.144      482.650      427.885
      497        3.412        7.682            2      572.528      503.409      429.885
      498        2.886        7.493            1      575.394      490.040      427.802
      499        3.388        7.709            1      572.632      454.474      423.126
      500        3.094        7.638            1      572.282      531.351      422.693
      501        3.168        7.670            0      576.491      538.506      427.058
