## Torsion are defined with the following atomIDs:
# dihed1: ai= 19068 aj= 19028 ak= 19026 al= 19025
# dihed2: ai= 19028 aj= 19026 ak= 19025 al= 19024
# dihed3: ai= 19026 aj= 19025 ak= 19024 al= 19023
# dihed4: ai= 19025 aj= 19024 ak= 19023 al= 19019
# dihed5: ai= 19024 aj= 19023 ak= 19019 al= 19018
# dihed6: ai= 19023 aj= 19019 ak= 19018 al= 19017
# dihed7: ai= 19023 aj= 19019 ak= 19020 al= 19021
# dihed8: ai= 19019 aj= 19018 ak= 19017 al= 19030
# dihed9: ai= 19036 aj= 19031 ak= 19032 al= 19033
# dihed10: ai= 19031 aj= 19032 ak= 19033 al= 19035
# dihed11: ai= 19032 aj= 19033 ak= 19035 al= 19073
# dihed12: ai= 19016 aj= 19015 ak= 19014 al= 19013
# dihed13: ai= 19015 aj= 19014 ak= 19013 al= 19037
# dihed14: ai= 19038 aj= 19010 ak= 19009 al= 19008
# dihed15: ai= 19010 aj= 19009 ak= 19008 al= 19007
# dihed16: ai= 19009 aj= 19008 ak= 19007 al= 19006
# dihed17: ai= 19008 aj= 19007 ak= 19006 al= 19005
# dihed18: ai= 19041 aj= 19004 ak= 19003 al= 19002
# Frame#   dihed1   dihed2   dihed3   dihed4   dihed5   dihed6   dihed7   dihed8   dihed9  dihed10  dihed11  dihed12  dihed13  dihed14  dihed15  dihed16  dihed17  dihed18
0 -165.979  -17.884 -169.572  131.052  172.047  -75.507   86.552  -21.148    2.588  -15.686  174.620  -11.577  -66.542   88.362  178.527  146.437 -167.547  -38.026
1 -173.424    1.178 -178.418 -143.875  142.823  -75.326   67.162   -1.999   18.736   12.736  163.851    7.109  -88.075   53.184 -171.400   72.231  123.223   -3.880
2  162.336    0.298  169.860 -145.327  102.520  -73.732   76.328  -13.465    8.524  -16.661  169.847   -4.883  -56.334   58.476 -174.701   77.256  159.904  -12.241
3 -173.881    1.390  175.612  -94.533   90.464 -115.539   77.720   19.514   -3.697    5.984  167.415   -2.523  -75.799   52.002 -170.357  120.554  127.029   13.170
4 -146.836   -0.696  164.967 -119.400   85.916  -95.870   76.380   20.029   10.223    6.804  171.939    8.585  -92.724   65.770 -174.403   97.287  111.551    7.483
5 -161.797   11.922  176.411 -108.396   65.082  -95.013   78.095    8.683  -21.575   20.208  155.150  -24.012 -111.495   67.375 -167.780  121.830   90.995   27.741
6  179.216    5.792  173.745 -102.898   78.770 -100.852   89.678    5.584    1.415    1.248 -179.573  -47.082  -80.911   87.909 -175.787  117.336  107.165  179.811
7  172.734    7.057 -179.820 -112.837   85.856 -103.844   77.513   -7.606  -17.752   -0.304 -152.125  -16.280 -106.439  109.275 -165.974   92.088  103.443  -54.550
8  175.008  -15.227  168.362 -111.480   85.833 -103.808   89.750   12.657   -7.068   -1.667 -174.864   -7.567  -93.648   85.773 -177.989   83.862  133.212   -0.455
9  176.101  -10.138  177.891 -110.040   87.287  -93.668   72.419    2.698  -17.455   18.696  159.744   14.422 -117.054   60.468 -163.857  107.354  112.489  -24.795
10 -172.369   22.186  177.288 -111.484   69.325 -111.733   82.146   21.730  -10.341   -7.083  177.859    3.908  -91.096   57.387 -176.779 -139.522 -108.502   23.439
11 -173.798    3.783  175.365 -101.568   80.730 -105.866   63.059   14.565  -12.782  -10.884  179.439   16.245  -79.025   97.201  177.860  173.412  152.495    3.469
12 -171.507   -2.507 -168.671  -97.221   76.465 -101.739   76.778   10.052  -15.689    9.482  164.709    6.019  -83.565  148.126  153.469  106.174  114.023  -37.311
13 -155.948  -13.343 -163.946 -116.611   82.490  -96.711   88.552   -7.545   -3.920   -6.174  173.344   23.871  -84.273  140.319  171.819  171.553  112.348  154.265
14 -177.332   -5.702  168.353  -82.718   59.269 -132.993   98.727   38.441    8.777  -11.363  169.316   43.977 -105.089  130.794 -168.567   97.241  144.218   43.505
15  175.690    2.397  173.642 -114.946   85.794 -109.907   80.708   23.034   13.329   -0.280 -169.725    0.579  -82.032  129.733 -178.105  111.908  102.165   14.672
16 -169.511  -10.325 -168.004 -110.458   61.890 -108.189   67.895   -4.120   24.919  -14.952 -171.006   46.141 -105.780  135.619 -168.101   95.059  129.912   -3.024
17 -162.761   12.219 -160.401 -129.332   70.529 -108.524   74.378    1.230    3.830    1.357 -163.827   20.516  -82.344  172.894  169.086   86.970  140.237  -12.214
18  178.446   11.124 -167.086 -120.875   80.510 -118.194 -154.487   14.168    6.249    4.972  174.473    5.109  -73.806  122.651  169.532  134.834  112.782   -1.466
19 -174.537  -24.836  178.586 -103.745   96.636 -101.882   76.205    7.922   38.151  -20.973 -179.922    0.181  -73.085  133.764 -178.183  108.239   99.328   27.752
20 -165.247    7.346  175.227 -145.104   90.080 -106.724   91.634  -13.070   -4.624  -32.619 -178.445   57.348  -91.049   90.278 -179.511 -177.950   83.375   20.928
21 -165.119   -5.326 -161.488 -105.974   73.248 -101.321   52.951   12.560   41.651   -4.422  147.450   14.269  -81.430  143.867 -176.845  108.097  148.111   33.898
22 -179.255   -4.280 -155.588 -128.069   75.895  -96.082   84.652    6.590   10.003    7.060  148.662  -17.730  -62.265  155.094  173.671   94.041  101.341   20.217
23 -175.992    9.857 -172.777 -138.499   84.598  -83.387   71.600   -8.060    2.908    1.026 -173.867    5.842  -96.008  142.849 -172.739  116.907  132.693   -0.992
24  172.318   -7.376  176.191 -112.079  105.799  -84.432   66.704   -3.255   18.600   -1.005 -169.809  -13.403  -70.026  128.903 -170.362  103.917  122.154   19.321
25  165.154    1.399 -173.828 -119.303   79.306  -88.826   86.082    4.016   15.194   -0.483 -168.499    2.820  -76.264  128.666 -171.800  100.165  137.814  -17.471
26 -176.943   -8.161  162.378 -128.561   97.228  -70.535   70.254   -4.767  -13.450    1.435 -143.562   -7.029  -75.338  138.047 -166.120  139.357  100.371  -42.294
27 -178.586    1.165  167.804 -115.249   86.628  -96.863   82.778   16.204  -17.895   12.379  158.442  -17.365  -59.156  165.540  169.840   86.022  143.323  -18.420
28 -163.859    0.035 -173.638 -113.835   76.406 -106.994 -157.057   18.429   20.252    7.975 -155.524   21.105  -88.367  141.657 -173.955  105.138  138.664    2.204
29  164.261    5.732 -178.718 -101.822   61.894 -125.489   82.503   30.172  -11.301  -10.274 -164.260   37.025  -97.205  153.399 -175.658   82.738  122.896   16.620
30 -157.975  -23.982  174.843 -137.812  111.191  -74.404   85.401  -20.980   11.071   -0.351 -173.865   13.326  -81.424  159.481 -176.078  112.161  128.681  -13.560
31 -176.770   10.851 -162.703 -126.854   78.026 -105.355   75.141   -8.018  -22.504   28.802 -154.440   25.707  -87.310   98.878 -175.417  176.773   86.951   40.084
32 -170.440   -2.973  175.258 -134.556   95.222 -101.295   86.498    9.873   10.263    9.294 -163.417   34.204  -96.621  116.498 -170.875  110.109  127.317   -6.649
33 -171.323    2.349 -173.155 -145.211   95.926  -96.118   82.934  -19.248   -1.009  -12.629  167.221   36.515  -94.253   84.065  173.244  161.811   99.843   20.924
34 -163.111    0.588 -169.303 -122.413   74.274  -74.089   84.980    0.361    2.377   31.977 -175.280    3.068  -91.942  135.305 -176.022   83.434  143.425  163.153
35 -174.990    2.342 -159.094 -120.101   74.134 -107.562  -13.566   15.155  -24.367   13.202  178.618   14.203  -67.680   96.201  172.462 -163.336  111.988  149.754
36 -163.555    6.102 -163.893 -129.681   83.140 -106.990   82.849   19.003   25.584  -15.329 -157.299   21.937  -88.514   89.022  170.064  -88.766   83.711 -151.407
37  167.628    7.634 -174.273 -140.890  102.673  -78.412   61.063   -6.070  -11.617   -0.441  172.330   15.866  -97.021  100.958 -158.254 -176.946   89.151  174.635
38 -174.162  -11.235 -169.907  -91.783   65.486 -116.974   77.264   45.192  -27.880    7.835 -166.421    5.418  -71.042  130.229  173.652  100.312  127.758 -164.700
39 -179.792    1.673  175.687 -102.234   75.209  -88.721   84.196   17.445   22.872  -18.187   -2.780   -3.247  -45.173  121.865  165.515  134.783  135.421   12.649
40 -165.403    7.100 -176.172 -126.703   80.494 -102.649   88.468   27.733   -5.092   -4.712   -4.742   -2.488  -68.136  164.132  169.796   79.079  146.929    1.836
41 -159.700   12.337 -166.656 -127.929   82.010 -113.604   91.818   13.372    6.549  -16.711   11.386   18.624  -75.083   82.579  179.043  166.473   97.728   -8.985
42 -173.025    4.496  167.053 -127.068  114.161  -89.162   68.043    2.257   -7.546    1.897   12.346    6.291  -96.556  140.091 -158.395   67.780  132.989   45.086
43 -164.686   -8.373  179.621 -139.831  106.878  -62.989   95.398  -29.300  -20.035    0.992   22.092  -10.837  -71.859   78.581  171.722  136.288   95.064  129.881
44 -176.758   -1.900 -172.443 -128.264   72.566 -113.947  100.892   -1.094    5.586    6.371  -11.935    5.119  -55.766   76.646 -175.863  178.037  103.100    7.239
45 -179.545   14.389  179.935 -130.608   93.132  -81.381   80.662  -11.414  -13.566  -18.132    9.359   -5.309  -57.524   93.727  158.430  127.523   75.122 -179.833
46 -166.608   -3.159 -174.097 -121.341   85.836 -104.142   77.422    5.865   -3.746   -9.165   -0.187   20.692  -65.967  164.035 -178.105  106.912  123.498 -161.048
47 -172.398    1.774 -168.487 -124.727   84.074  -88.790   72.424    6.770    6.376   -2.232   -1.259   -3.330  -70.460   92.774  173.986 -131.549   71.331 -139.622
48  174.257   -5.097 -171.868 -130.671   86.100  -80.804   60.932    9.018   18.259    9.507  -17.775   -0.922  -70.667   79.031  177.841 -155.547  144.145  176.671
49  171.961    4.246 -160.674 -122.421   70.525 -110.745   85.048   14.046   17.137   -1.785   -5.075   31.305  -78.764   78.545  178.406  159.395  117.527  144.031
50 -174.780   21.758  175.586 -174.793   93.190  -69.990   85.513  -30.569   22.224  -16.117  -23.460   13.042  -88.807   73.422  172.039  166.436  157.070 -168.152
51  153.858   15.277 -175.745 -122.540   59.385  -97.386   62.055    4.225    7.225  -20.059   -0.296   42.106  -94.737   67.819 -178.956  169.924   91.134  -31.062
52 -172.010   15.036 -170.541 -122.619   76.570 -103.548   59.784   13.160   -6.116   -7.931    9.196   25.512  -84.685   83.644 -174.316 -176.809  142.570 -176.436
53  168.218    9.284 -175.504 -124.453   77.615 -106.691  -34.002   15.300   10.526   -2.730   -4.139   20.377  -87.369   53.268 -163.814 -120.963   83.561  167.778
54 -177.031    5.042 -164.119 -123.985   90.135  -90.790  -30.263    2.393   -2.298   -9.768   15.700   28.796  -81.938  120.405  179.584  144.278  119.814 -166.748
55  170.684    8.962 -167.726 -113.615   63.276  -86.662   91.031    1.377   14.029  -18.512    8.229   48.245 -112.151   89.294  170.136 -103.015  108.080  160.263
56  173.904   13.297 -170.190 -117.490   62.132 -117.797   64.516   26.358    4.480   -0.510    0.313   37.043 -133.170   81.037 -179.551  -91.660  102.708  -55.469
57 -176.535    9.141 -178.723 -117.203   89.276  -85.118   59.593    2.388   -9.822   -8.500    9.325   -5.151  -87.376  109.255  167.641 -139.092  115.773   61.990
58  174.000   -0.711  159.646 -120.690   85.030  -83.863   68.383   14.705   -7.636   11.156   -5.021   -1.228  -78.943   67.082 -173.634  165.880  100.563  -13.719
59  178.782   14.753 -173.044 -160.456   94.484  -54.663   86.672  -32.697   17.575  -26.611    9.349   23.475  -94.449   83.071 -163.977  171.912   86.695   22.950
60 -170.202   -8.363 -179.488 -113.162   84.695 -110.057   96.261   19.362   -1.153   -8.764  -11.082   32.463 -101.791  128.373 -177.583  108.059  107.448   43.669
61 -175.644   -3.911  171.024  -96.464   80.188 -153.017   79.048   30.219    5.103   -0.666  -10.359   38.718  -90.732   74.129 -168.447 -145.534  123.006  167.126
62 -174.479   14.625 -176.536 -140.257   98.849 -106.205   82.589    7.193   36.885  -12.419   13.244   18.104  -81.837   72.380  174.583  170.961  114.274  171.885
63  177.085    8.043 -163.771 -120.976   79.998 -101.398  -48.370   16.669   -4.704    6.289    4.887    7.619  -68.655   89.503  166.372 -175.405  115.638 -146.282
64  175.502   11.004 -175.409 -109.567   80.978 -116.914   90.140   31.443  -17.371    9.578    5.498   16.328  -81.256   84.608  174.148  168.170  109.710  136.098
65 -164.150    7.900 -162.980 -127.849   84.619 -114.759   57.587   40.927   -3.821  -34.921    5.203   -6.612  -64.662  160.163  177.841   88.853  147.420  -24.000
66 -173.672   -3.724  176.302 -107.917  104.029 -140.088   83.072   15.268  -15.523   -9.373   -7.660   41.798  -89.933  105.086 -172.906  146.075  132.448  -14.390
67 -169.810    3.614 -161.610 -138.450   86.633  -84.947   71.756   -5.829    0.455   11.090   -1.057  -14.035  -54.902  179.112  173.677   92.333  122.791   -4.447
68 -164.669    2.097 -156.739 -145.781   81.017  -62.797   92.761  -37.259  -10.733  -17.857   -7.233    0.832  -77.173  167.155  168.075  100.915  112.547   -6.151
69 -150.874    6.047 -172.003 -104.654   76.425 -114.385   87.868   32.663   17.014   -9.317    0.894   29.067  -79.913  167.574  179.297   89.735  137.791   -4.436
70 -166.661   -3.008 -172.146 -111.535   78.872 -111.736   61.835    4.988  -23.628    7.462  -21.051   48.932 -101.435  120.092  167.322  115.001  129.326   14.600
71  179.815   19.995  178.180 -140.747   92.442  -98.271   82.818    2.131   -4.323   10.010  -21.876   24.942 -104.185  110.301 -168.347   63.768   38.464   20.704
72  175.652   -2.043 -178.892 -148.580  104.746  -88.864   99.002   -5.446   -5.977    4.269   -7.016   -6.511  -51.141  164.989  178.627  114.058  -68.818    4.110
73  167.894    8.165 -171.416 -141.259   87.177 -104.169   81.408   -4.598   -0.231  -16.122  -11.288   28.250  -72.254 -169.244  173.108   99.570 -106.759  -10.208
74 -178.156   -3.936 -171.007 -118.770   80.043 -101.926   79.359  -12.400  -14.055  -10.213   -1.796   36.465  -75.285 -175.206  166.681  104.335  -86.540   -6.349
75 -166.414   -8.523 -165.482 -103.326   79.609 -115.407  105.845   12.317   -3.583   10.673    4.251    8.684  -98.784  145.679  166.064  111.427  -47.182  -18.478
76 -153.898    8.569 -177.232 -122.286   68.054  -95.519   76.918   11.615   -6.288   -2.892   -2.294   27.115  -73.323   83.981 -178.875 -149.064 -123.102 -164.703
77 -167.133  -13.144 -162.690 -106.711   71.757  -97.611   96.307   18.368   -7.820    9.697   -5.983   13.569  -73.528   66.972 -167.372 -119.934 -141.163 -149.181
78 -151.835   -5.653 -175.073 -110.953   84.425 -100.103   91.076   17.759   -3.130   -4.554    3.276   -2.185  -49.521   95.698 -163.637 -161.897 -107.569  169.328
79 -174.535   -8.973 -170.290 -160.236  104.866  -45.738   76.381  -30.580  -14.599    7.452   -6.637   21.593  -86.143   73.445 -177.313 -154.269 -101.854 -155.707
80  176.064    5.351 -167.902 -130.117   71.570 -106.644   88.755    5.980  -13.439  -18.319    9.427   14.917  -65.382  158.209  170.925  -61.135  -56.823  -29.588
81  164.385    5.046  173.393 -111.368   74.048 -109.374   81.679   32.500  -21.029    4.586  -11.746   25.448  -83.120  166.618  174.672  -82.213 -115.399   15.602
82 -163.804   -5.648  177.169 -127.620   96.657 -105.394   76.186    5.442   -3.241  -13.685   10.528    0.159  -64.703  142.481  172.586  -94.425 -112.191 -168.408
83 -173.072    6.434 -171.233 -135.319   86.421  -88.991  -13.772   -9.181   25.362  -10.882   11.159   23.204  -95.838  111.296  175.287  179.099 -107.301  156.561
84 -172.724    3.429 -162.936 -120.032   70.615 -105.474   85.020   28.935    2.863    0.713   -3.264   17.594  -84.771   94.993  166.305  160.208  -90.426  168.752
85 -153.334    0.308  177.581 -122.470   89.863  -92.007   65.320   -6.645   32.219  -27.364  -26.333   -4.102  -77.015   57.275 -174.278 -126.989 -109.842 -172.744
86  172.352    4.760 -173.044 -133.607   87.758  -84.129   73.820  -12.109    1.457    9.186   -5.717   25.162  -88.728   67.331 -178.263 -131.405 -130.401 -161.464
87  169.355    3.876 -167.617 -100.682   75.366 -120.080   77.418   46.216   11.241   -7.813   -3.651    2.462  -65.432   85.474  178.509 -172.316   88.535 -129.291
88 -166.176   22.099 -171.654 -109.469   84.457 -108.021   90.407   10.089   -1.745    3.407   17.328   30.915  -85.989   88.137  170.325  168.209  126.949 -171.177
89  175.229   -1.094  176.844 -128.412   95.814  -82.127   90.798  -13.214  -11.505  -12.238   10.758  -12.129  -86.901  148.009 -177.126   97.427  118.528   27.024
90 -177.294    0.512 -164.976 -136.195   85.225  -99.065   60.411   -3.649   14.795   -3.844   -8.744   15.365  -84.239   69.255 -177.976 -137.907 -101.226 -166.043
91 -167.075   -6.139 -175.675 -113.936   81.582  -89.666   62.886   -0.596    7.079  -22.073   15.373    5.197  -77.019   79.572 -174.840 -139.351 -117.751  174.514
92  172.778  -22.227 -171.536 -107.079   78.274  -81.252   55.236   -9.432   -8.121   13.781  -10.454   17.955  -86.205   89.338 -177.766 -167.147  -86.936  164.007
93 -170.452   -5.605 -170.781 -116.788   80.349 -105.220   79.860   24.811    3.208   -5.817   17.385   17.701  -70.655   77.846 -169.618 -161.823  -59.402  148.920
94  146.965   -6.785 -171.636 -129.474   74.794  -73.637   61.434   -9.590  -12.475    7.659   18.215   -1.192  -65.018   72.093  176.867  -94.802 -124.792  154.897
95  162.132   14.357 -176.832 -145.354   82.526  -86.940   83.094   -9.080   14.005   -8.983   -8.276    8.399  -63.393   74.830 -164.861 -116.768 -138.426 -138.246
96  170.835   -4.346 -163.252 -119.859   71.318 -103.359   -2.244   -3.564   -0.503  -12.449   15.723   45.108  -98.203   54.954 -164.573 -137.202 -102.784 -161.141
97  170.280   -5.805  172.278 -121.075   88.226  -92.344   77.879    0.912   -1.142  -31.232   31.812    9.618  -73.831   86.456 -167.925 -119.339 -120.371 -155.334
98  176.779    0.482 -162.211 -120.939   78.546  -93.952   73.949   -3.191   -4.138  -17.638  -14.355   16.056 -113.772  177.107 -174.171   71.758  -60.570 -177.388
99  169.444    5.384 -173.540 -123.342   62.130  -87.177   93.959    9.903   -8.786  -16.010  -13.296   19.444  -65.989  149.481 -173.239  123.537  -91.398  169.111
100 -150.493    3.379 -174.578 -128.348   96.637  -87.915   94.819   -7.310  -18.722    3.441   -6.342    5.794  -78.676   73.503  175.282 -179.679  -88.989  121.269
101  166.248   -1.748 -173.392  -98.715   73.597  -98.438   86.701   13.641   -0.326  -17.848    6.666   12.383  -78.311   70.043 -166.983 -143.461  -94.546   22.948
102  174.800   -1.274  174.338 -126.763  103.020  -81.421   93.886  -17.413   -0.345   -7.078   11.952   22.058  -89.857   60.700 -171.000 -111.500 -110.750   36.647
103 -176.604   -7.874 -156.078 -103.374   69.453  -94.693   76.194   -1.831   -9.687   -1.014   -1.605   26.320  -85.468   61.847 -160.477 -143.952  -93.820    6.395
104 -173.465   -3.319  177.356 -125.886  101.691  -94.780   81.679  -14.761  -20.394   14.632   -6.746   31.398  -97.021   82.024 -175.396 -172.923  -92.332   14.116
105  174.104   10.203  175.880 -129.254   77.497  -83.072   93.325    5.355   15.037   -3.247   -6.203    5.529  -77.395   74.642 -172.303 -130.416 -120.094   34.643
106 -167.503  -12.595 -176.928 -112.099   78.677 -108.846   93.738   30.304  -26.444    2.020   20.301    5.312  -82.280   61.396  179.034 -122.006 -118.391   -3.137
107  178.832    5.829 -167.198 -126.530   77.210  -84.954  -28.095  -16.113  -15.968   -3.243   13.506   54.993 -106.616   71.706 -175.048 -166.464  -98.834   10.762
108  159.145    1.505 -179.529 -130.282   76.637  -92.865   59.813   -0.657   -4.976   -7.215    8.217   38.813  -90.829   69.691 -177.717 -167.184  -74.286  160.229
109  169.889   18.923 -174.673 -117.648   72.047 -116.142   84.504   33.634  -13.336   -8.086   22.959   24.191  -87.844   64.678 -179.805  132.192  -89.273  158.037
110  166.035   10.876 -172.720 -121.163   86.955 -102.701   73.446   24.260  -16.658    5.362   21.187    5.391  -68.424   84.087  173.340  127.663  -98.118  152.531
111 -170.673   -1.249 -160.550 -102.705   66.530 -101.491   94.834   37.744    3.362  -38.771   11.144   10.621  -77.625   60.453  177.887   93.314  -95.929 -162.425
112  176.053    2.692 -161.133 -131.640   81.232  -79.780   71.666   -6.503   -6.546   -8.966  -14.730   -1.943  -61.437   95.873  173.635  130.260 -114.211 -139.625
113  172.902    9.971  171.590 -125.176   82.804  -83.871   82.807  -13.419   -1.767   -3.037  -11.295   23.341  -95.128   73.727 -178.644  163.563  -96.860  177.209
114  156.521  -12.712 -167.919 -109.153   82.284 -106.565   85.492   20.395  -15.466  -15.633   -2.807   27.688  -87.330   67.562  166.241  130.389  -73.791 -167.117
115 -174.634   -2.040 -157.676 -121.176   75.149 -105.364   68.717    9.997  -16.093   -8.739    5.613   29.482  -81.386   57.397 -168.895  159.535 -111.487 -155.022
116 -172.977    3.822  178.125 -106.699   82.500  -98.019   76.046   -0.133   -6.948    8.452   -6.761   -3.712  -77.011  108.257  174.966  104.960 -100.322  172.032
117  175.962  -18.068  176.701 -138.956   97.072  -85.262  -22.370   -3.557   -6.813   -5.619    2.430  -12.471  -70.274   69.911  176.927   99.346 -103.520  -33.422
118  172.283    8.431  177.662 -118.752   75.710 -107.040   70.177   15.841  -20.233  -12.817   10.538   24.456  -83.349   64.289  174.526  158.343  -95.643   27.955
119 -170.460   -2.244 -176.916 -145.809   96.815  -80.483   69.276  -21.043    9.051  -14.902  -16.856    7.569  -86.107   59.140 -167.157  168.207 -112.170  -11.203
120  172.620   -5.599 -154.738 -116.648   65.971  -96.429   90.127   17.665  -32.275    0.463    6.862   12.287  -69.584  111.781  174.798  106.167 -123.823   32.947
121 -148.541   -3.216 -167.102 -117.715   72.196 -108.061   99.150   26.148  -21.361   -7.018   11.062   19.182  -85.270   78.265 -176.718  155.827 -105.377   -6.794
122 -173.053  -11.957 -166.140 -129.302   71.333  -91.896   76.543   17.592  -10.746   -4.451  -12.265   10.611  -78.868   66.220  163.160  118.067  -95.521    9.487
123 -179.662   -2.998 -175.958 -116.919   76.412 -123.090  107.147   25.753   -8.582  -21.794    7.731   20.730  -85.403   72.278  176.498  164.340  -69.566  -28.036
124  155.500    4.538  171.641 -122.384   86.018  -94.568   81.307   17.934   -9.076  -10.127    2.176  -40.128  -66.929  135.385 -175.634  100.617  -74.061   28.352
125  175.055    1.326  170.655 -116.250   88.647  -95.001  -16.903   10.642    9.123   -7.249    1.533   -7.504  -85.450  167.844  172.021   89.936  -70.468   10.769
126  177.541  -10.223 -165.092 -150.256   79.533  -69.256   83.960  -19.417   -5.280   -2.823  -14.525   -3.518  -73.643  152.270  172.469   97.076  -53.157   -2.454
127  172.345    6.519  171.205 -120.393   93.029 -111.729   75.055   17.380    1.335  -24.950    2.813   -9.092  -71.746  159.306 -177.436  127.947  -93.788   31.611
128  162.190   15.761 -166.759 -146.357   85.792  -87.728   92.320   -5.296  -24.072  -12.633   -3.512   10.784  -85.736   83.337 -179.410  -99.083 -134.456  -22.186
129  170.415   -6.520  175.339 -165.788  101.216  -77.135   87.528  -24.133  -10.715    1.567  -12.693    5.316  -73.810   90.872  177.460 -137.772 -103.180   12.641
130  166.439   -2.768 -179.063 -131.069   90.286  -99.712   89.160    7.202  -19.951   -5.326   33.272    5.311  -67.727   73.268 -173.516 -117.422 -141.317  -12.746
131 -173.266   -4.519  177.987 -127.742   75.313  -95.407  -23.056   17.901  -25.242    9.926    0.909   -5.010  -63.634   79.090 -171.642 -142.767  -81.996  -32.001
132 -173.679    5.661  177.389 -159.938  103.891  -71.260   84.050  -16.373  -21.609   20.244   -5.550   -5.206  -71.808   91.164  168.624 -158.402  -92.950   -8.701
133  177.620   -1.545 -164.968 -122.291   85.805  -98.376   83.203    6.832  -13.056   -1.888   -0.977   26.570  -96.147   81.759  171.121 -155.599  -89.306   -2.002
134 -175.397   10.395 -177.313 -131.743   89.132 -103.515   85.033   -3.618  -18.641  -12.359    8.695   19.043  -80.618   79.320 -170.692 -149.128  -92.546   10.818
135 -179.264   -3.942 -163.115 -142.355   85.039  -72.408   95.527  -26.438  -13.578   -4.252  -24.167   30.285  -80.305   63.337 -176.090 -128.730  -91.602    0.264
136 -172.817   -5.387 -160.945 -125.651   79.338  -97.289   85.279    4.432  -11.548    4.612   -8.432  -11.443  -61.508   81.764 -166.152 -134.090 -124.103    9.141
137  169.611   13.451  178.609 -121.778   72.716 -102.984   97.036   21.974   -4.635   -9.038    2.902    7.922  -95.379   68.370  177.098 -154.766  -83.911   19.766
138  177.829   -2.067 -167.747 -109.770   73.301 -115.482  105.233   37.672  -35.699    8.417    4.851   17.250  -78.363   77.111 -173.327  169.857  -68.272   -0.806
139  173.653    6.663  178.972 -134.844   98.632  -81.220   91.675   -1.122  -13.685    4.427   10.333    0.972  -72.848  150.685 -179.027  135.834  -78.270   11.748
140 -178.749   -2.075 -176.900 -110.738   76.053 -102.302   96.588   26.390  -37.461   17.178   11.401    5.511  -60.608   73.094  169.283 -167.993  -73.322   -8.718
141  149.476    8.039 -175.787 -126.904   90.926  -82.561  -32.990  -16.881  -11.283    1.591   -1.068   -3.011  -77.113   83.863  170.770 -158.185  -88.610   26.547
142  155.490  -19.196  172.688 -123.592   92.226  -92.211   74.942    0.968    4.320   -8.972   -5.386   18.097  -78.285   74.250 -169.319 -147.855 -121.856  -13.192
143  177.330   -3.397  175.680 -118.472   79.916  -93.733   88.664    1.483   -8.240   15.288  -17.451    4.346  -74.665   91.928  171.891 -168.154  -97.019  -12.707
144 -177.201    2.674 -168.060 -114.381   87.067  -94.399   88.472    9.953  -12.741    5.403   -6.288    9.311  -71.212   84.672 -170.955 -162.762 -116.759   26.510
145 -175.279   10.643  173.825 -151.257  106.399  -70.760   96.606  -16.896   -8.465   -0.621   -3.089   15.421  -77.172   94.708  177.571 -165.640 -102.545  -46.345
146 -179.707    3.219  169.075 -134.338  101.750  -81.690   74.846   -2.401  -10.692   16.487  -15.986   26.133  -86.219   80.456 -172.128 -136.921 -108.586   12.191
147  160.027    4.124 -166.759 -114.771  104.675  -86.314   69.978   16.217    8.329   -2.242   -7.145  -16.731  -76.117   72.084 -164.944 -167.597  -83.225   -9.888
148  171.506   -0.706 -173.149 -127.506   92.481  -90.561   81.640   -0.345  -34.919   16.866   -0.858   39.901  -99.674   63.363 -164.083 -151.989  -82.037   19.380
149 -160.382   -0.958  179.047 -125.732   87.655  -81.652   98.982   -2.143  -29.486   16.068   13.829   14.325  -83.482  103.868 -168.998  162.011 -100.627   19.986
150  151.509    1.796  179.404  -82.575   70.739 -123.627   82.022   56.247   -2.004  -10.560    4.430   -0.292  -67.266  141.385  172.530  120.738  -45.781   -7.695
151 -176.317   -0.924 -169.967 -125.943   98.793  -81.329   65.776   -5.139    1.037  -17.459  -14.700   11.279  -74.422  148.381  177.269  133.629  -94.656   21.024
152  158.642    2.516  177.938 -153.188  108.505  -83.279   74.531  -28.603  -11.775    6.215  -10.437   29.591  -79.559  168.856  177.130  107.416  -81.418   29.088
153  176.347    8.018 -179.642 -105.363   75.822  -95.613   87.561   29.536   -1.646   10.889    2.112  -14.496  -71.273  143.647  172.331  105.258  -66.738   11.045
154 -161.700   10.758 -179.130 -129.609   94.573  -90.006   80.241    9.192  -20.285   -4.265  -10.698    7.145  -80.396  160.733 -177.050   54.146  -98.567  -26.185
155 -173.233   -9.395 -173.608 -142.942   87.495  -72.019   84.083   -3.220   -1.765  -12.617   11.280   15.223  -94.648  139.387 -164.644 -153.449  -98.413    2.838
156 -158.072   -7.799 -164.073 -156.687  104.262  -57.843  175.287  -33.325  -18.736   21.632    8.923    7.039  -87.542  129.443  170.636  147.842  -67.029    4.778
157 -144.944  -13.609  166.603 -129.344   88.932  -85.695   78.212   -6.365  -12.401  -12.766    8.966    7.502  -79.339   71.428 -177.632  174.878  -84.639  -16.043
158 -171.283   14.870 -168.200 -148.138   81.740  -90.372  100.416   -3.470   -9.395  -20.605    6.831   29.838  -93.131   81.842 -178.792 -175.308 -104.144    3.595
159  178.796    3.607 -158.189 -126.169   82.502 -102.483  109.624   24.225  -29.525   16.222   -6.433   17.196  -81.167   74.064  161.933  106.502  -93.135   10.337
160 -165.839    6.759 -175.408 -111.333   87.872  -98.753   83.511    6.346  -16.302    2.045    0.743   -1.715  -74.355   76.117 -176.662  104.209 -126.457   26.521
161 -171.310    5.220 -176.577 -134.874   93.671  -97.369   76.449    7.240   -2.359   -6.951   12.489    3.357  -72.101   69.884  176.657  104.039 -115.407   -3.830
162 -169.062    7.787 -175.451 -124.238   80.561  -88.332   86.329   13.284    0.491   -6.027    0.460   15.776  -76.787   85.184  176.172  134.255 -102.931    3.253
163 -163.420   11.665  176.180 -142.466  107.315  -82.382   73.398  -17.194   -0.978   -6.314   27.638   13.486  -82.336   92.816  179.254   88.138 -127.489   36.943
164 -167.772    5.062 -176.352 -146.667   98.150  -84.327   73.168  -26.622    9.195   -5.959  -24.584   30.421 -104.368  120.059  176.527   64.091 -114.857   -6.008
165 -158.561    8.251 -170.540 -154.762  113.255  -80.768   82.134  -16.212    5.850  -10.072    8.825  -11.962  -72.842  104.524  168.570   95.778 -137.460   33.602
166 -176.064   11.438 -156.402 -129.252   81.583  -84.113   63.726   -9.284   -4.468   -6.372   -6.710   20.598  -89.061   67.421  164.461  121.796 -111.877   40.180
167 -175.778    9.032 -158.146 -133.914   77.642  -83.541   73.056  -16.752  -22.621   -4.038   18.771   34.888  -92.782  107.663  169.255   87.118 -115.018  -25.465
168 -169.190   -7.221 -170.047 -110.870   94.921  -93.081   87.659   -9.780   -7.707   -4.958    7.157   39.646  -93.227  107.719  169.830   95.293 -140.419   27.036
169  166.829    5.992 -164.313 -123.800   88.360 -100.933  101.815   -0.686  -36.956   31.068    8.748   35.408  -88.172  125.567  171.766   70.068 -111.446    7.286
170  160.905  -15.033  178.917 -126.308  101.057  -76.848   75.816  -14.173   15.772  -30.698    5.482   -0.790  -68.066   71.876  170.251  138.667  -89.220   -8.543
171 -170.491    1.771 -167.371 -104.221   81.995 -100.984  -22.035   15.985  -24.853   24.448  -15.380   41.529  -94.249   57.971  173.448  129.059 -108.435   -5.343
172  170.765   10.834  171.929 -135.582  105.992  -72.703   62.428  -10.636    8.171    1.055  -15.875   -6.600  -68.196   94.281  158.448   85.173 -122.353   31.641
173 -161.637    4.229 -170.622 -137.640   99.502  -96.965   90.961   -9.932  -16.822    0.005    6.109   28.644  -77.479   68.347  173.705   97.676  -98.626   -4.707
174 -172.115   -4.504  176.948 -121.172   91.361  -97.450   92.879    7.948   -0.454   -2.524    3.610    2.773  -63.733  128.262 -176.181   64.048 -137.216  -17.350
175 -170.008    9.063 -170.256 -132.760  100.111  -89.623   75.385  -17.216  -14.457    9.923  -11.619   30.480  -96.450   90.726  178.695   99.395 -130.695   18.670
176  174.365    5.396 -174.161 -126.790   81.694  -96.162   73.903    8.670  -14.190    5.782  -11.440    9.192  -75.216  112.035 -176.076   87.547 -100.851    7.196
177 -176.598    0.395 -177.469 -112.538   78.183 -107.029   87.476   28.305    9.806   -6.921   -0.802    0.305  -89.100  150.480 -171.398  103.893 -110.528  -15.643
178 -174.603  -10.444 -171.754 -131.180   82.553  -76.302   67.647   -9.347   -5.207    8.221  -10.023  -22.730  -57.128  158.298  170.139  156.290  -86.283   -4.422
179 -171.309    9.413 -166.399 -147.148   94.093  -80.499   85.388   -8.415   14.380   -1.099  -12.380    1.333  -93.985  152.431 -174.760  112.555 -105.024  -33.890
180  177.198    5.535 -168.609 -115.184   81.738  -94.484   92.641    2.876    8.096    7.873   -9.788    6.373 -109.607  121.238 -179.089  112.743  -96.563   34.114
181  179.100    3.417  170.815 -122.538  103.653  -91.739   82.125   -0.799   -6.776   -5.076   -1.657   -3.222  -82.603  163.619 -165.325   93.798 -136.392    3.065
182  178.520   -3.842 -174.782 -131.946  100.361  -83.538   77.807   -9.265   -5.864    0.376    7.765  -16.645  -75.454  164.866  169.576   99.532  -94.682  -29.132
183 -172.647   14.501  177.571 -134.739  105.167  -82.913   74.650   -6.868   -0.499    8.202   -4.809  -24.097  -79.739  169.961 -167.896  131.237  -73.054  -13.323
184 -167.657   15.861  176.859 -153.602   84.034  -89.080   90.957   -1.534  -20.332    2.550    8.623    8.715 -100.088  148.881 -177.931  104.143  -88.908   -5.200
185 -159.348    2.467 -163.673 -130.561   88.373 -104.721   63.271    3.932    3.703    6.647  -14.941   10.198 -109.831  164.213  179.396   79.164  -93.830    3.756
186  177.244    1.294 -158.573 -122.047   79.700 -101.445   69.173    8.381  -15.469   14.528   -8.703  -10.123  -63.414  160.939  171.123  105.585 -101.687 -167.672
187  177.558    4.799 -162.918 -138.500   72.308  -78.278   88.363   -9.300   -7.963   13.708  -10.635  -12.425  -66.380  138.733  163.561  122.736  -87.457 -155.139
188 -160.671    5.224 -168.783 -140.104  103.408  -88.193   73.250   -6.660   -1.686   -1.833   -5.548  -24.063  -38.963 -167.998  163.813   86.947 -126.482 -155.335
189 -164.568  -25.324 -167.016 -120.686  100.063  -99.695   71.543    2.578  -12.874    1.350   11.169    7.111  -68.395  146.987 -178.675  113.881  -75.108  164.287
190 -172.348  -12.484 -157.699 -137.668   83.797  -97.048   84.743   -2.678    7.613  -11.718   12.208    3.538  -74.337  142.964  163.530   99.147  -96.144  173.343
191 -172.147    7.567 -168.892 -127.924   92.165 -103.570   71.539    9.592  -13.286   11.643    0.565  -16.293  -48.492  177.873 -177.906   65.047 -167.053  130.783
192 -176.875    3.411  175.944 -134.127   88.472 -103.125  100.726    9.967   -1.395  -10.457    7.628   16.361  -81.736  106.798 -151.024   78.572 -150.059    6.639
193 -175.680    2.426 -171.750 -130.684   85.978  -95.410   74.762   -5.414   22.057   -2.571   -1.539  -18.324  -69.781  149.427  175.754   89.672  -75.166 -144.314
194  166.098   10.137 -179.554 -127.120   75.094  -98.404   72.442   19.224    2.562   -0.318   -1.328    3.917 -103.380  162.125 -171.083   99.323 -115.235  151.127
195 -156.541    2.799 -170.114 -150.320   82.675  -68.348   81.585   -6.842  -12.662   -1.863    6.723   -5.179  -88.693  166.425 -178.792   76.289 -107.092 -177.619
196  167.536   -9.776 -174.408 -120.544   82.769  -97.786   86.188    0.897  -26.520    7.163   -6.731    8.144  -71.832  177.987  157.229   72.981 -141.562  125.481
197 -162.915    2.294 -178.705 -104.257   44.991 -106.364   62.589   44.748   -2.364    0.971   -5.573  -14.062  -62.707  164.271  173.416   90.408  -72.079 -165.905
198 -172.795  -12.017 -158.226 -107.356   79.699 -103.984   80.626    1.833  -26.004    4.089    6.882   24.702  -97.667  147.139 -169.048   83.674  -93.732 -117.775
199 -160.169    4.872 -170.635 -121.201   98.553 -110.485   60.878   12.838  -14.323   -2.411    0.319   -7.158  -74.002  144.604  176.224  123.949  -80.103  178.620
200  153.905    1.561  171.314 -121.928   77.484  -89.582  -27.245    7.475  -20.277  -32.931   15.579   21.234 -104.049  137.104  176.774   98.408 -107.237  153.620
201  174.907    4.018 -166.644 -118.410   71.219  -89.431   76.176    0.144    1.487    3.717   -5.466    3.720  -86.436  166.398 -173.801   71.523 -101.871 -166.424
202 -178.793    6.805 -174.019 -117.337   81.184 -100.593  -34.956   17.899   -5.433    6.368    1.203   -1.750  -74.237  167.975  178.789   91.473 -100.262  -12.473
203 -174.128   -1.656 -179.957 -139.512   84.497  -85.432   65.862  -15.013   -9.326    2.636   10.897    4.172  -82.622  160.485 -173.979   90.030 -132.375  -17.637
204  172.425   -2.214 -166.449 -132.814   85.527 -100.967   66.834  -12.117  -27.233    8.034   17.825   34.405 -114.011  128.630 -178.325  127.798  -97.600  -37.225
205 -171.461    7.166  179.678 -118.925   67.147 -118.282   72.538   22.069  -31.579    4.854    5.898   10.339  -79.761  166.581  171.138  116.509  -81.822   -4.080
206  171.846    5.656 -168.832 -138.734   74.186  -93.122   65.549    3.044  -19.618   15.000   12.260   -2.731  -82.809  170.246 -177.906   85.090   37.090    8.771
207 -166.002    7.973 -178.608 -115.303   69.869  -93.039   97.995    7.820    5.112   -5.070    1.646   -1.923  -81.806  148.693 -173.003  100.034   72.669   -5.306
208  165.571    3.814 -167.852 -150.805   81.952  -82.510   95.713  -13.199  -24.284    8.042    9.816   20.049 -103.867  165.947 -170.961   84.378   54.811    0.907
209  156.298   -1.916  174.688  -99.900   71.387  -98.289   81.078   42.486   -2.084   -3.190    7.000  -13.898  -77.472  150.712 -173.489   95.191   72.803   26.556
210 -164.730   12.588 -173.370 -134.102   90.338  -81.567   78.290  -15.089  -15.447    2.032    8.806   -2.075  -78.644  173.995 -170.728   88.020   33.579   43.498
211  166.405   -3.104 -179.837 -128.678   96.137  -85.879   71.075   -0.484  -26.825  -18.072   18.303    4.707  -85.701  162.362  158.725   90.615   68.031  -10.362
212 -176.546   16.177  172.146 -129.681   95.776 -101.997   66.775    4.809  -21.272   20.468  -16.323  -14.061  -80.885 -178.374 -178.993   84.633  153.908    7.249
213  174.993   -6.147  167.641 -133.052  128.818  -80.202   61.584  -33.914  -11.589    5.961   -6.293    2.738  -77.550 -175.946  163.236  110.148   81.519   43.434
214 -166.750   -3.130 -179.417 -137.865   95.668  -76.390   94.546  -16.110   -3.313   -9.392    2.902    3.040  -74.410   56.588 -175.474 -170.849  103.287    1.645
215  172.271    6.927  179.271 -129.050   84.754 -109.242   80.872   17.204  -12.754  -14.464   28.242   16.414  -68.869  151.350  173.287  116.179  123.892    8.888
216 -179.288    0.614  165.758 -109.000   67.338 -103.008   96.013   27.518  -11.286    6.110   -2.064   -7.625  -73.270  154.965 -175.611  108.504  101.726   -5.832
217  177.428   -3.148 -179.109 -101.208   69.527 -106.745   67.421   15.075  -12.561   10.097   13.471   21.907  -86.440  110.668 -175.239  121.246   96.352  -18.735
218  147.535    2.323 -172.870 -153.906   85.413  -61.183   77.050  -42.547  -15.889    6.942   13.737   14.760  -72.342  151.127 -157.849  103.707  121.145    9.074
219  178.861    1.309 -173.247 -128.239   82.028 -102.934  -31.613    1.704  -41.208    0.454    2.287    0.711  -87.365   71.952 -172.281  159.910  101.600   23.331
220  171.583  -11.213 -178.984 -147.688   95.834  -82.512   77.679  -14.165  -15.608    8.152  -14.014    1.575  -73.030  150.167 -171.098  108.183  141.696 -140.415
221 -166.912   -1.058  170.421  -95.051   84.644  -97.064   80.379   20.903  -21.224    2.795   -7.497    1.126  -55.518  179.853 -176.846   79.960  110.114 -172.417
222 -168.685   -5.993  177.906 -126.902  103.929  -87.650   70.890    1.388  -22.616    7.587    7.666  -24.327  -61.900  150.229  172.205  112.695  142.177  166.224
223 -173.218   -6.334  166.625 -117.341   98.487  -81.444   74.807   -6.571   13.814  -11.176    2.967   -2.795  -78.193  112.543 -154.827  133.640  119.363  154.814
224  179.686   -6.193  163.408 -124.007   96.140  -96.285   73.555   10.829    5.144    3.891   -8.634   -5.702  -60.290   71.576 -175.265  171.991  107.915 -134.106
225 -162.591    7.321 -164.240 -139.583   87.974  -93.611   81.002  -13.137  -20.319   22.935  -28.473   16.863  -85.249  129.134 -163.920  129.757  131.924  -23.544
226 -165.013   -3.652  173.900 -117.178   72.924 -102.196   65.689   23.670  -40.906  -12.410    8.771    5.024  -78.410   70.333 -175.610 -179.601  102.131   41.804
227 -162.375    7.637  178.313 -127.482   92.149  -75.627   75.761  -27.056    1.004   -1.219   -7.487    0.159  -59.773  173.605  164.534   93.037  134.176   41.948
228 -174.467   -1.808 -172.891 -120.888   68.761  -92.376   -7.593   -8.061  -16.993    4.075    8.200   41.484  -98.654   58.463  175.149  154.534  107.855 -171.325
229 -167.016  -21.856  172.425 -133.553   87.315  -84.042   80.079   -9.605  -25.448   -5.666    4.712   23.369  -82.843   86.883  168.822  127.129   87.051 -144.575
230 -169.576    9.454 -174.034 -144.364   86.643  -89.272   80.930  -11.001   -7.168   -3.830    4.403   22.172  -81.812   76.107  177.715  148.835  102.762   50.468
231 -174.725    2.242 -179.850 -124.947   85.861 -100.007   75.435   14.036    2.919    1.402    3.004   32.201 -100.410   62.028 -176.474  128.759  107.172   40.241
232  153.242   -5.467 -175.661 -129.080   88.504  -71.723   71.614   -7.122  -13.545    1.417  -17.333   16.162  -82.390   78.554  171.236  147.513  114.551   38.053
233  172.332    0.910 -170.296 -127.706   82.561 -104.745   57.136   19.030   -8.855   -3.423   21.602    4.796  -69.030   65.738 -169.300 -173.938  125.075  178.751
234  173.124   -0.252  177.741 -130.888   87.319  -75.100   86.005   -6.215    0.172  -24.618   16.673    7.911  -68.441   63.098 -174.511  173.257   86.948 -167.289
235  179.130   31.443  177.739 -135.092   81.998 -107.626  -83.839   12.868   -7.944   -3.698    8.135   26.208  -88.178   78.972  173.624  122.513  104.545  172.690
236 -179.757   -7.624  173.044 -105.522   79.500 -113.099   61.860   30.013   -9.290   -6.069    8.922   14.143  -70.584   78.480 -178.157  128.352   87.225 -167.293
237 -139.618  -12.287 -177.203 -103.984   86.537  -97.413   71.533   21.805   -8.888    0.397   -5.008    6.100  -80.916   67.294 -173.663  165.862  116.376 -173.072
238  172.982   12.589 -173.639 -102.222   69.510  -98.328   83.951   24.803  -16.696    6.363   -5.689    3.108  -74.642   67.016 -174.714  140.207   81.843 -154.053
239  178.442   10.990  177.144  -94.695   62.557 -100.167   76.871   28.438   -0.871    1.487    6.544   18.798  -76.705   83.526 -168.849  143.328  132.241   -3.693
240 -172.146   -3.964 -167.680 -129.862   72.096 -103.255   75.321   11.286  -28.739   -3.075    3.742   24.863  -94.309   71.052 -176.531  160.098  114.319 -129.578
241  170.031   -6.270 -175.679  -86.809   50.982 -109.736   78.562   49.163  -16.513    6.940  -10.393   -3.439  -88.910  121.699 -166.809  115.011  121.732   39.246
242  164.427   17.065  178.607 -131.419   81.780  -98.336   60.683    3.575  -20.132   -9.785   14.120   18.570  -84.010   95.433  161.371  123.677   62.260    2.909
243 -171.026   -0.964 -179.603 -119.183   77.952 -105.373   99.531   19.675    7.415   -6.710   -5.261    6.201  -75.182   73.832 -169.112  160.203  112.534  -13.309
244  176.096    6.166  176.749 -125.960   89.752  -83.602   85.966   -7.264  -10.660   -4.464  -10.645   -4.542  -55.421  160.343  174.501  116.305  104.465   16.494
245 -165.522    1.955 -170.219 -151.897   87.846  -60.642   54.628  -35.590   17.075  -17.337   10.802   -1.047  -73.864  147.180  178.214  123.664  127.241  -29.312
246 -164.810  -13.284 -171.213 -116.676   72.896 -108.542   91.671   26.320    8.505  -17.930    1.811   12.790  -72.062   88.799  165.127  152.327  156.107  -23.115
247  168.760   -8.983 -177.976 -142.003   90.284  -90.087   73.364    6.512  -17.356    3.799    6.503   -5.181  -72.467   78.898 -176.354  171.071  101.495   -9.012
248  176.969    0.279 -177.869 -126.255   79.354  -97.907  -34.650    8.831  -26.681   -8.837   21.334   44.326  -96.925   84.009  170.302  155.386  121.961    5.145
249 -163.028    4.785 -169.234 -110.625   66.156 -107.084   73.036   23.249    0.938   -1.448   -0.044   20.628  -77.715   75.867  169.703  156.527  107.804    7.496
250 -172.527    7.220 -174.734 -121.516   78.058  -95.861   88.941   14.303   -6.259   -5.854  -25.527    3.360  -69.483  156.761 -172.185  113.970  116.818 -175.942
251  177.956    5.335 -172.223 -107.645   69.746 -117.376   95.761   22.576  -25.156    5.330   14.347   35.132  -89.440   66.038  165.063  133.577  129.642  -31.431
252  172.882    6.931 -163.310 -116.638   76.335 -110.323  100.636   30.144  -20.807  -10.840   11.467   28.715  -74.510   84.534  164.867  173.147  106.907 -134.120
253 -157.318    1.440  176.304 -125.396   75.978  -87.435   88.587    9.483  -15.841   -9.878  -11.557   14.315  -68.300   72.998  174.954  139.636   94.149 -174.585
254  169.260    7.855  178.398 -132.920   81.366 -112.443   73.884   19.300   -4.216  -15.409   10.020   39.136  -99.811   68.418 -173.062  161.661   87.132  -19.319
255  174.361    9.926  167.219 -119.181   76.077  -97.430  -32.509   12.085    9.356    0.923  -14.310   18.281  -75.884   76.574  175.439  145.649   92.523    2.078
256 -171.992    0.892  171.808 -110.699   78.171 -104.237   93.169   31.534   -7.213  -12.979    5.314    7.492  -72.266   68.643 -153.915 -148.609  101.737  -22.197
257  162.869    5.123  166.687 -102.361   71.202 -111.812   96.590   44.486    3.419    6.885  -10.992   22.821  -95.584  148.708  179.037   70.955  140.442  -22.600
258 -179.672   -4.401 -169.542 -116.785   71.462 -100.748   60.144   25.206   12.722  -25.678    5.633   11.969  -82.439   76.815  175.785  162.482  151.510   -4.941
259 -176.953    7.161 -173.810 -141.271   79.179  -80.393   77.373   -2.643   15.779   -6.100   14.926    7.961  -77.853   72.988  172.973  156.254   82.257   11.945
260  156.900   13.546 -174.397 -161.467   80.959  -80.958   71.166   -6.752  -11.682   -7.492   16.799  -10.571  -58.066   78.404 -167.765  170.020  102.121  -32.964
261 -163.484   12.172  168.514 -135.847  106.500  -87.132   67.014  -12.503  -15.094    9.738   -5.587   26.567  -81.265   75.530  176.306 -176.873   91.420   40.076
262 -177.275    0.515  171.750 -145.100  102.844  -76.278   66.262  -18.913   -4.112  -13.257   -4.252   -4.207  -75.722   73.089 -170.359 -177.761   96.903   31.589
263 -177.453    9.521 -172.979 -141.737   94.777  -70.382   98.951  -11.933  -28.030   12.170    4.372  -17.654  -58.847   62.065 -172.055 -166.180  127.509  -11.040
264  163.663   -1.743 -171.152 -132.814   77.875  -91.278   81.834   -4.965  -12.931    9.810   -2.324    7.518  -72.953   95.290  163.999  129.022   97.606 -146.345
265 -177.586   -0.406  176.230 -153.670  105.352  -71.753   74.762  -21.368   -7.776   -1.372    5.624    9.641  -68.570   78.945  175.709 -175.506  110.051  174.495
266 -175.823   -7.143  179.969 -102.301   86.839 -114.605   83.463   25.818  -25.008    7.626    4.953   23.973  -86.762   78.230  178.020  148.660   87.676 -174.053
267  169.130    7.002 -177.242 -114.783   80.902  -96.669  -33.323   15.598  -18.178    9.512   19.857   27.296  -83.361   76.598  176.363  149.788  132.390  173.458
268 -162.586   -0.461 -160.618 -121.208   73.205  -96.750  -14.677    6.060  -33.237   17.869  -17.560   12.742  -75.173  134.274 -173.858   91.546  147.163 -161.250
269  134.768   10.828 -174.338 -157.676   83.686  -84.987   90.009  -21.310   -7.630    2.754   -9.953   30.940  -81.771  164.030  179.775  107.923  106.413 -131.459
270  167.212   18.111 -172.654 -139.548   95.720  -87.726  -36.030  -14.630   -8.815   -3.052   12.631   13.443  -76.694  172.946 -178.234   92.186  104.078  166.567
271  167.895   -8.391 -171.089 -160.664   87.868  -62.734   66.560  -17.055   -1.737   -5.647   11.489   -1.044  -73.823  158.071  177.292   98.794  129.319  170.762
272  159.346    5.810  174.859 -135.792   91.820 -103.919   75.931   -9.974  -30.099   14.936   -9.647   29.031  -93.578   84.868  168.049  160.637  122.175 -158.128
273  163.462   -0.206 -166.518 -138.965   89.648  -82.485   76.303   -6.788    1.514  -10.136   12.510    0.054  -68.477  155.713 -157.573   89.097  128.178 -177.086
274 -174.599   -6.626 -172.978 -115.618   70.802 -116.274   86.505    7.076  -21.367  -12.749    4.849   41.028  -85.005   85.358 -173.819 -176.526   88.072  167.776
275 -177.231   -3.324 -177.525 -124.682   88.430  -75.933   95.249   -6.543    7.235    5.805  -10.155   17.198 -118.633  129.961 -166.407   83.608  156.851  174.784
276 -169.149   -2.921 -178.018 -144.034  104.588  -92.187 -177.439    1.048   -6.187   15.796  -14.328   13.580  -83.552   54.880 -173.094 -176.212   93.081 -146.067
277 -170.602   29.110 -161.264 -136.780   86.107 -102.508  -11.594   16.895    1.267    1.564  -14.326   14.071  -71.868  166.408  177.581  107.903  104.832 -168.558
278  178.714    6.395 -179.797 -115.893   72.285 -101.905   87.426   11.023    2.046  -12.160   17.762   23.872  -73.738   79.247  170.181  173.216  111.325 -168.349
279  152.129  -16.123 -172.644 -120.639   89.812  -91.737  111.458    2.749   23.489  -11.206   10.716   -7.737  -61.946   78.666 -164.635 -145.398   87.047  160.679
280 -178.805    2.275 -170.837 -111.676   61.818 -102.181   74.271   21.971  -12.008   -1.427   -9.002  -21.951 -112.487  121.265 -175.780 -102.026  140.704  172.333
281  165.719   -0.467 -159.627 -141.085   74.087  -73.385   83.882   -4.946   -2.029    2.719   -8.590  -35.775  -70.242   85.071  168.310  -82.600   98.828  166.211
282  176.032    4.679  165.201 -155.081  115.993  -80.341   87.445  -20.914    5.009   10.912  -10.285   -1.241  -75.406   99.685  173.516 -108.907   82.788  150.291
283 -176.550    0.263 -167.067 -125.253   90.842  -92.493   79.364   24.022   21.747   -3.595  -11.062  -42.541  -59.034   88.985 -179.692  -85.910  145.980 -167.866
284  158.639   12.778 -174.953 -151.801   93.149  -92.499   81.299   -8.314    0.905  -31.603   -6.902   -1.131  -70.978  117.711  178.742 -105.021  110.063 -152.978
285 -158.605    4.343 -172.430 -114.583   85.669 -106.225   65.968    4.739  -23.016    2.577   10.246   33.862  -80.328  165.520  167.104  -87.762 -117.719 -145.443
286  172.489  -14.644 -165.048 -125.382   77.475 -104.454   83.904    9.433  -13.662  -10.863   -7.893   21.813  -81.099  141.982  179.901  -48.306 -112.862  -30.842
287  155.606    1.881 -173.173 -146.400   97.941  -81.009   64.845  -11.083   -2.736    3.283   -5.795   23.698  -80.257  175.720  169.258  -84.195 -109.391  158.108
288  174.090    1.792  173.108 -146.816   80.073  -77.413   98.638  -24.435   -2.025   -8.969   10.177   34.371 -102.700 -151.687  173.075  -84.500  -99.402  161.012
289  173.854   -0.446 -177.090 -123.573   98.657 -106.451  -26.189   24.151  -11.255    2.043   -9.334    3.427  -66.407  170.212  168.725  -86.633 -129.179 -178.095
290  167.578   11.741  168.455 -146.416  106.132  -76.871   86.663  -14.968   -3.296    8.696   -8.090   14.307  -67.691 -170.041  178.009  -96.385 -101.469  179.045
291  169.594   -3.005 -167.955 -115.199   72.516 -121.892 -159.159   39.893    1.291   16.131   -8.509  -17.154  -50.067  174.171 -169.903 -113.356 -112.628  143.026
292 -176.291    1.247 -164.455 -125.085   65.068  -97.508   90.644    8.183   -2.485  -15.531    2.374    9.870 -123.911   88.912 -161.155   64.122  -84.408 -167.650
293 -150.979    6.069 -173.097 -134.527   84.946 -101.563   75.090   19.863  -11.879    3.303   -7.388   30.773 -121.281   67.438 -144.591   61.128  -90.629 -134.293
294  166.965   -1.711 -164.222 -138.822   85.133 -102.641   85.708   14.450  -11.374    4.419  -29.361   -8.465 -117.350   91.725 -164.028   93.336  -54.554 -160.310
295 -177.306    7.257 -175.992 -128.727   78.791 -124.667   87.682   18.901    1.847   -8.118   -3.226   25.279 -105.474  134.304 -170.593   88.145  -60.651  173.048
296 -172.919   -0.466 -172.003 -111.083   89.230 -104.821   86.353   -2.616  -44.107   22.619   -3.286   13.881 -110.755  104.200 -165.345   68.346 -103.547  158.362
297  175.703   10.590 -169.286 -133.210   83.439  -84.822   66.637  -14.639  -31.766   18.639    3.594   16.824  -89.492  149.437  174.709   32.097 -101.484  179.428
298 -174.656    2.638 -165.653 -129.024   82.222  -94.411  100.584    6.573   -6.438   -7.938    2.351   16.478  -77.662   55.948  176.998   70.151  -38.295 -163.652
299 -165.381   -0.412 -166.784 -116.990   82.489 -108.723   94.298   25.357   -9.343   -3.653    5.709   25.340  -83.116   86.932  168.785   98.187 -132.500 -164.177
300  169.719   11.313 -175.412 -115.638   97.227 -114.440   80.074   36.577   18.823  -12.659   -4.554   12.579  -73.389   37.404 -175.129  158.873  -80.456  -37.168
301  173.998   -0.632 -172.906 -146.115   94.019  -82.636   85.408  -19.254  -14.261    1.493   10.616   23.552  -86.230   59.419  174.717  122.625  -95.277 -171.123
302  174.075    3.064 -177.575 -114.332   81.721  -99.561   95.742   28.641   13.930   -4.790  -16.305    1.380  -66.535   75.233  171.526  144.527 -133.188  -35.186
303  174.504    3.174  176.752 -133.893   89.415 -101.474   49.222    2.644  -30.785   21.356   -2.558   28.298  -90.001   69.925  177.769  129.827 -109.555   -4.497
304 -172.518    5.866 -160.984 -131.009   92.217 -101.671   74.576    8.780  -13.985   17.155   -2.708   24.451  -75.597   81.641  172.147   76.981  -99.010   -4.007
305  163.628    4.776  162.827  -99.495   79.225  -98.231   62.428   16.285    4.717  -14.972  -11.910    6.983  -69.518   86.800 -174.042   99.914 -120.716   22.503
306  177.474  -13.193 -179.153 -125.409   93.002  -93.787   79.979    0.292    7.007   -9.539    3.199   19.664  -95.014  111.310  179.611   95.231 -107.809   -7.155
307 -169.882   -5.664  166.659 -112.025   96.318 -121.080   65.271   13.716  -14.429   -5.229   -4.516   35.485  -87.673   88.308  166.902   89.488 -127.466   -6.390
308 -169.030   17.538 -164.648 -146.658   73.100  -78.942   96.784   -4.968   -8.544   -3.493    7.162   11.031  -77.674   66.603  168.329  126.436  -93.639   13.364
309  166.087    6.825 -175.730 -143.314   85.672  -83.506  -26.934  -22.072   16.130    7.946  -16.030   31.355 -103.989   72.206 -169.690  108.428 -137.978   21.264
310  178.695   11.552 -168.567 -124.059   76.916 -109.147   98.793   13.846   22.229  -13.823  -18.971    6.285  -74.076   84.380 -158.251   89.487 -124.515  -14.520
311 -175.409    1.144 -172.222 -152.532   91.659  -63.252   78.977  -17.581   -1.985    5.740    3.785  -12.434  -76.686   71.619  174.840  104.567 -116.434  -15.121
312  177.879  -10.437  177.722 -106.667   91.235  -94.236   64.655   14.103   15.958    2.249   -6.543   22.967  -88.210   67.480  174.701   95.573  -94.346   15.216
313 -139.768   -1.170 -167.225 -140.613   93.498 -102.564   61.736  -12.634   -1.282   -3.509   14.323   11.063  -87.576   75.497  175.241  114.378 -128.781  162.561
314  178.199   -9.906 -171.115 -134.352   98.110  -86.005  110.355  -17.875   14.999    5.510    1.247   -4.291  -67.858   82.360  179.016  105.379 -115.633  177.470
315 -170.351    7.941 -171.625 -126.769   78.076  -88.006   96.255   -9.251    1.015  -10.447    8.572   26.255  -83.598   94.181  171.882   97.577 -137.629 -160.100
316  172.956  -15.116 -165.462 -138.801   87.087  -81.380   93.126    8.566   13.368  -23.554  -13.641   16.737  -88.418   97.286  169.121  102.290 -125.586   -6.038
317  161.502    9.189 -166.373 -128.814   58.145  -98.950   74.799    9.700  -27.914   -0.004    3.117   24.245  -80.637   89.905  175.879   87.558 -111.164  -14.343
318 -161.880   -6.649 -153.345 -110.407   70.120  -98.196   76.411   19.360  -10.085   -3.327    7.853    6.193  -87.787   79.576  172.080  113.452 -106.539  -26.701
319  173.663   -6.539 -178.095 -121.159  100.997 -101.962   67.778   -7.001  -10.831   -2.856    3.993   30.706  -97.665   72.565  171.818  112.819 -109.102  -12.701
320 -179.617    4.102 -156.138 -130.345   65.825  -80.275   68.693   -4.204   -4.300    2.791  -10.598   24.970  -65.282  123.413  158.758   84.866 -133.377   35.162
321  176.255  -11.621 -173.229 -142.182   95.484  -64.931   58.698  -28.332   10.486  -14.910  -18.289   12.627  -84.040   80.620  164.230  127.104  -87.491   11.074
322  171.800   16.110 -152.858 -131.286   72.675  -97.148   63.285    6.886   -1.920    5.503  -15.602   25.307  -99.880   75.345  174.543   95.167 -106.682   22.080
323  175.381    7.579 -174.826 -120.573   84.579 -112.923   77.275    8.587   -6.446   -5.231    2.578   42.952  -77.507  121.383  168.895   87.121 -117.502   -6.453
324 -177.668   -2.809  177.690 -131.195  105.090 -106.303   92.343   -1.137   -1.380    6.285    6.970   24.982  -86.873   76.380 -176.365  106.171 -121.900  -23.378
325 -177.930   19.075 -178.827 -131.562   92.830 -111.403   99.858   14.371  -21.294   17.150  -17.983    6.445  -76.339  104.424  174.659  101.209 -114.947    3.778
326  163.577   -3.854 -167.039 -123.612   78.113 -100.839  103.797    6.918  -17.950    1.268    3.687   39.096  -95.942   87.055 -172.755  109.401  -98.173  -39.033
327 -161.207  -22.689 -178.721 -135.259  111.465  -72.442   63.612  -14.405   19.009   -2.337   -8.559   -3.247  -73.732   72.302 -176.944   85.028 -110.171   24.876
328 -172.676    1.925 -169.125 -130.605   91.974  -91.323  -24.864   13.322   -0.503   -9.607   -9.538  -14.228  -71.193   80.616 -179.583  112.416 -126.067  -25.885
329 -175.417   -1.232 -171.763 -126.551   80.966  -93.138   81.254    1.703  -35.167   19.542   -7.929    7.722  -86.117   96.434 -175.912  112.173 -134.887   29.016
330  150.289  -11.659 -169.939 -134.712  103.869  -79.093   91.505  -13.150   -0.916   -7.989  -10.896   24.439  -94.554   62.142 -177.936   92.208 -116.006   -1.027
331 -167.737   14.634 -165.782 -125.084   69.152 -111.498   78.111   18.041  -12.129   -4.931    5.341   27.172  -97.319  102.281 -174.197  105.910 -121.024   49.973
332 -165.800    1.683 -167.490 -149.301   90.601  -79.519   91.882  -16.783    1.611  -13.662   16.550    5.752  -93.706   90.951  167.247   73.300  -62.586   40.498
333 -169.848   11.605 -176.363 -128.573   86.260  -90.218  -36.910   -6.434   -7.207   -2.682   -6.106   11.721 -111.753  103.294 -170.695   60.369  -79.660  -11.419
334 -169.532    6.752 -173.709 -102.916   71.918 -111.229   96.718   26.680    6.976   -1.384    1.081   30.562 -113.003   77.067  171.826   78.618  -70.303   19.479
335  170.383  -12.330  173.242 -122.609   90.173  -98.575   95.219   15.967   20.968    3.728   -8.154    3.896 -103.644   83.874 -166.093   70.336  -83.722   21.795
336  157.968   12.287  178.364 -147.322   92.182  -84.479  107.473  -19.285   16.097  -25.896   27.112   32.555  -90.707  105.694  178.276   40.039  -47.876   19.138
337 -175.616   21.850 -175.833 -142.217   97.571  -92.542   75.046   -1.364  -14.932   28.769  -24.266   24.539  -84.965   88.496  171.409   44.523  -31.259   19.744
338 -175.369   -0.372 -164.703  -99.523   56.174 -104.158   52.626   29.642   -8.906   -8.838    9.605   16.946  -77.873   73.091  174.991   71.809  -57.273   -0.439
339  174.406   -0.740 -166.584 -129.814   71.024  -90.594   60.954  -19.626   -6.767   10.935   -7.188    0.149  -69.683   73.358  179.128   47.613  -52.611   30.972
340 -173.619    6.160 -166.184 -126.196   82.089 -106.863   65.505   11.242  -17.184    2.472    4.212   -1.527  -70.547  101.788  178.072   25.470  -70.214   41.323
341 -172.490   21.702 -161.864 -115.386   67.207 -103.687   86.018   29.423    5.810    3.561   -1.060    4.448 -101.520  110.480 -177.325   46.703  -44.842  -20.050
342 -175.309   -1.216 -169.089 -115.384   77.209 -137.458   51.790   33.695  -27.510    3.606    5.358   27.233 -100.439   63.599 -149.698    6.768   88.189    6.718
343 -167.373    2.385  172.791 -125.405  117.847  -75.321   66.077  -15.749   -7.085   -1.717   -6.148  -20.926  -50.175 -175.967  170.785  -94.492   85.983   10.196
344 -163.387  -12.693 -160.727 -115.603   65.774 -110.318  100.339   34.706   17.918   -7.835   -5.364    9.740  -84.223  167.974 -172.847  -48.383   50.191    6.807
345 -163.561   11.271 -162.881 -105.387   59.825 -107.850   68.102   15.937   -4.117    0.143    4.363   23.157 -109.642  174.789  174.874  -56.652   31.987    9.510
346 -177.638    4.487 -177.217 -100.113   85.683 -121.264   87.116   35.119    0.642    5.337   -1.765   -5.216  -84.584  156.861  172.078   23.528  -57.278  171.900
347  168.547    1.339  175.626 -126.696   80.257  -97.784   74.041    7.027  -16.458    1.640  -15.951    9.461  -79.263  175.932  175.640  -55.308   43.132  176.233
348 -148.948    0.087 -172.281 -114.957   71.133 -122.048   83.948   45.243   -7.881   -3.684   10.652   44.472 -104.434 -177.898 -175.845  -84.572   60.444  161.296
349 -168.139    7.016 -164.035 -100.869   62.636 -111.246   75.809   22.257    2.177   26.562  -20.092   43.990 -103.728  179.434  174.669  -82.019   55.865 -163.669
350 -179.650    4.852  177.510 -136.263   91.262  -88.518   84.098   -6.258   -6.906   16.781  -14.085   18.582  -79.266 -167.009  169.466  -83.188   72.354  -24.699
351  178.337   13.385 -172.870 -130.431   78.929 -103.270   55.580   23.507    2.545   -5.479  -21.789   -4.993  -69.627 -170.829 -175.976  -65.100   23.016  -25.954
352 -161.546   -3.319 -172.644 -111.986   80.513 -120.120  100.868   20.988   -0.541  -14.653    3.642   14.688  -89.821 -170.321 -173.907  -70.167   51.517  -18.167
353  170.126  -10.133 -177.178 -100.770   77.712 -113.366   98.943   13.865  -40.942   22.989    4.577   13.560  -96.334   89.190 -176.196   79.340  -75.818   14.555
354  176.270  -11.032  172.669 -100.787   83.166 -122.698   87.504   27.017   -3.878  -15.742    4.296   27.201  -98.361   48.999 -171.088   98.371   97.263   -3.522
355 -169.702    3.834  179.965 -121.244   75.509 -117.061   87.699   48.821    6.497    6.499  -11.413  -14.503  -76.832 -153.137  173.642  -60.659  149.713   -3.395
356 -177.734   -4.216 -174.195 -126.424   93.617 -103.036   59.784   23.159   -7.862   -1.048    0.937   17.347  -79.996  178.440 -178.509  -74.053   71.718 -172.128
357  165.434    2.936  152.841 -136.809  107.746  -76.673   53.030   -3.268  -14.088   24.808   -4.950   -9.242  -90.108   72.794  178.517   64.602  -19.794   16.839
358  162.892    0.741 -174.033 -122.618   72.087  -86.477   79.389   -6.105  -18.352   -2.882    1.564   35.936 -122.694  156.835  172.689    8.636  -56.837    1.503
359 -172.249   -1.585 -178.148 -120.929   64.913  -84.099   72.400    3.583  -30.096    9.191    0.046   38.242  -98.221 -177.417  176.050  -70.534   91.499   49.209
360 -178.525   10.381  154.856 -148.882  107.719  -62.782   88.681  -12.350   15.084  -13.792    4.923   20.809  -99.465  159.704 -161.056  -75.215   64.111  -11.563
361 -155.443    3.991  176.056 -131.574   80.128  -86.075   86.408   13.329    3.114   -5.696   -5.393   -2.226  -84.736 -153.108  173.372  -64.423 -106.247   -4.647
362 -161.262    5.593  177.114 -157.111  105.733  -62.562   79.726  -28.290    8.042   -5.404   -2.515   16.804  -86.364  169.310 -179.492  -48.709 -101.482   -3.739
363 -175.675   -1.584  164.439 -103.705   94.737 -121.771   88.936   10.566  -31.312   21.358    2.182   60.772 -109.840 -164.402  157.611  -89.472 -118.392  -48.571
364  165.791   -7.875  170.807 -106.757   69.680 -102.593   88.696   21.360    3.291   -8.635   -8.314   23.601  -92.837 -157.152  167.854  -90.647 -130.773    1.907
365 -166.907   21.028  170.963 -148.230   75.359  -54.923   58.838  -30.937  -21.913    2.039    4.506    8.151  -76.226 -163.670  174.803  -68.912  162.816   -8.308
366  179.107   -6.115  177.579 -106.734   78.774  -94.696   70.515    9.983   -9.658    0.748  -25.095    4.832  -63.860 -141.800  176.453 -115.726 -175.273  -10.225
367  166.896    4.654 -175.535 -130.589   87.528  -93.969  101.675    4.606   -3.937   13.909   -5.943   29.613  -76.655 -159.903 -179.051 -103.805 -177.030  -29.522
368  177.628    2.996 -163.203 -130.250   91.305 -101.842   76.398   11.640   -0.131    7.651   -3.747   15.546  -92.633 -172.662 -177.014  -47.799  135.786   17.219
369 -179.098   11.578 -162.159 -134.732   55.886  -90.001   82.363   14.622  -13.578   -9.474    0.433    7.853  -78.277 -177.529 -177.674  -37.795  141.222  -25.833
370 -162.565    0.370 -172.466 -151.534   97.138  -86.579  -32.015  -33.676  -13.527    2.470   -3.345   54.952 -124.661  148.670  169.920  139.068 -120.620 -174.993
371 -175.431   -8.289 -173.408  -98.414   67.462 -116.217   82.847   46.436    9.026  -12.212    1.641  -11.133  -66.931  179.404 -177.091  109.199 -138.951   24.092
372  176.773    3.120 -164.751 -133.825   73.851 -106.140   72.617  -11.933  -23.231    8.863   11.596   30.726  -96.182 -179.414 -176.735 -176.540  101.699    6.178
373 -170.957  -11.258 -165.226 -117.544   70.267  -98.004   75.476   22.782   -8.772    2.351  -28.331   36.238 -109.596  173.887 -169.394 -179.502  133.816  -14.608
374  172.431   10.312 -170.526 -129.781   82.185  -79.895   77.568    3.590   10.786  -13.952   26.736    7.182  -79.052  162.988 -176.909 -159.281   98.775    2.921
375 -173.331    2.260 -176.697 -130.823   86.318  -70.994   89.516  -12.910    0.766    2.247  -13.383   16.447  -94.497  162.768 -166.933 -148.357  100.330    8.874
376 -163.422   -6.201  177.689 -104.773   71.864 -113.806   94.919   28.320  -15.408   15.071   -4.417   32.996  -96.010  166.316  177.617 -146.620  115.722   16.094
377  162.130  -12.181 -177.145 -104.730   74.678 -106.961   91.979   14.072  -38.489   25.375    1.517   38.917  -95.051  169.063  178.181 -122.517  131.168  -30.504
378  153.686    7.400 -179.607 -167.815   80.689 -103.483   70.928    0.981  -30.811   19.031   -4.384    5.329  -86.454  154.236  177.840  -69.880  179.420  -15.234
379 -177.378   -4.499  176.199 -134.085   76.006 -111.989   87.276   21.258  -15.070  -15.329    5.227   -1.936  -70.707  165.175 -170.983  -55.741 -123.931   -7.275
380 -158.684   13.217 -173.407 -123.828   76.520 -109.087  105.675   16.846   -2.153   -5.850   -9.821    7.866 -107.609  153.352 -171.341 -155.275  114.628   44.814
381 -167.337    9.738 -176.313 -117.622   67.870 -101.173   65.934   25.216    1.471   -8.409   13.701    4.322  -79.857  162.277 -174.015 -113.169   69.622   17.497
382  179.199    1.938  178.702 -132.595   75.919 -116.163   75.795   14.400    1.176   -2.679   -1.993   24.750  -90.945  175.726 -177.592  -64.543   75.578    7.119
383  147.524    4.541 -179.226 -121.143   87.841 -100.071   83.877   24.289   -4.484   20.953  -18.748   15.594  -82.245  169.017  174.644  -61.631   99.434   44.890
384  178.501  -17.925 -170.068 -129.913   83.583 -122.772   75.552   24.622   -7.164    4.134   -0.647   19.157  -83.201  166.973  175.298  -50.899   68.274    7.649
385  179.459    4.692  176.603 -150.898   74.045 -104.819   79.439   -0.986  -21.409   14.934  -10.290   -1.053  -56.903  163.669  178.153  -52.487   75.181  -24.296
386 -177.052   -6.224  172.608  -99.362   64.518 -107.487   83.373   33.626   -2.774   11.977  -13.353   12.537  -70.719  176.939 -162.596  -77.944   70.268   21.961
387 -156.094   -3.572  177.631 -141.640   82.202 -106.939   84.872  -18.808   -7.764   -8.658    5.706   22.871  -81.700 -169.968  175.037  -60.478   70.002   25.635
388 -154.760    3.959  172.454 -124.121   52.418 -107.549   63.734   -3.228   17.837  -14.600    5.668    0.821  -67.098  178.305 -171.990  -54.672   71.721   -0.841
389 -179.594    1.969  156.304 -110.609   78.207  -89.899   96.796   -0.056   34.390  -25.954   -3.888   21.344  -85.016   94.471  177.612   25.011   67.690    1.127
390 -172.827    9.440  178.372 -101.192   58.218 -106.093   86.988   21.671  -13.217  -13.843   19.639   20.847  -74.642   68.764 -166.836   51.112   29.391   -1.148
391  160.127    9.587 -167.696  -89.565   42.302  -90.433   84.539   25.914   22.866   -3.261  -16.258    1.401  -72.573  153.941  178.603  -15.462   -6.058 -118.204
392  166.037   11.376  179.704 -100.238   64.882 -106.195   61.743    6.191    3.679    8.306    4.107   19.137  -75.106  164.392  178.102  -57.949   73.996 -172.994
393 -155.549    7.569  178.471 -102.789   79.212  -84.902   89.682   -2.487    6.254   11.605   -6.754   43.146  -98.997  179.424 -173.679  -91.815   34.381  177.092
394 -170.344   -3.830  163.603  -73.379   71.614 -108.512   65.505   27.002   11.119   -5.121  -11.563   12.305  -70.684  172.606 -172.503  -57.098   34.286 -172.734
395  171.048   -0.843  171.717  -81.593   78.076 -113.018   88.045   30.466    4.669   14.810  -31.971   13.542  -91.607  171.314 -179.616  -55.880   52.516  177.206
396  168.916  -17.584  167.071  -73.513   74.483 -104.163   73.347   24.162    7.059  -12.895   10.625   10.351  -74.097   75.367 -176.202   28.168   81.729  138.381
397 -169.578   -2.163  166.968 -100.425   75.296  -85.826   90.092    0.334    2.860    6.271  -10.453    6.546  -85.947   67.622 -164.425   60.325  -63.642  157.824
398  167.242   -0.921  173.363  -79.539   59.416 -117.125 -162.057   19.281  -36.303   17.738    5.870    3.687  -74.931   64.279 -169.305   62.737  -50.137 -163.288
399  171.458    4.389  173.221  -92.355   81.969 -114.959   83.373   29.280   10.465   -1.734   -7.055   17.897  -75.977 -178.000  164.541  -64.517   67.632 -163.699
400 -160.855  -20.531 -174.190 -105.541   76.030  -99.352   89.788   21.735   10.332    0.216   14.875    6.702  -71.458  152.928  167.750  -30.784  101.583  150.726
401  178.902    8.105 -174.782 -117.111   82.389 -111.736  111.166    9.214   -7.428    1.047   -4.169   -1.759  -53.895  167.680  173.896  -63.349   73.002 -177.946
402  157.626    1.828 -164.585  -97.916   57.116 -113.139   75.381   45.368    7.479  -12.295   13.444   27.375  -77.817   91.525 -167.729   57.096  -87.886   36.525
403 -167.130   -0.580 -178.347 -166.648   89.468  -55.287   73.140  -55.045    2.362  -10.916    1.771   25.849  -97.534   93.925 -176.277   46.802  -48.631  -15.924
404  162.643   -6.755 -174.189  -74.575   53.529 -112.617   78.563   24.254  -10.019    7.452   -2.158   32.458  -98.599   71.246 -164.534   63.025  -86.183  -11.011
405 -144.386    2.612  177.418  -88.512   66.886 -104.419   62.439   28.030    6.629  -29.532   -2.997  -36.073  -72.051   64.907 -173.646   62.596  173.270 -150.316
406  174.072   -0.441  165.516  -97.880   68.008 -100.410   74.088   24.667  -12.109   27.246  -11.213  -20.014 -104.421  158.945 -172.751  -26.271  148.113 -139.735
407 -178.990    6.639  174.870  -81.844   63.519 -107.211   65.381   40.356    0.065    2.119   17.154   19.582  -93.061  172.454  169.092 -104.491   97.021  116.995
408  169.197    5.206  171.882  -90.170  119.394  -72.223   52.194  -10.549   -2.730   -0.344  -15.341   21.816  -86.567   88.057  178.022  -98.502  127.041  177.227
409 -157.716   -3.178  168.677 -104.912   96.466  -84.488   81.692   13.161   -0.727   -9.382  -16.230  -14.907  -85.678   87.349 -179.066  -70.335  135.461  173.769
410 -176.066   17.483  173.278  -77.196   76.765 -114.124   91.129   49.515   -2.193    3.340    1.435  -13.123  -72.489  109.344 -177.948  -90.609  138.030  176.735
411 -167.470    9.694  160.570  -64.090   63.005 -116.953   66.863   57.084   14.141   -4.457   -1.294   11.859  -94.804   82.339  169.727  -77.297  -59.201 -157.555
412  165.540    3.239 -174.891  -73.351   73.698 -105.411   72.182   41.779  -15.293   12.285  -33.641    8.411  -82.169  115.089 -162.486  -50.290  -92.196 -168.502
413  167.791    5.962 -168.348  -84.443   57.597  -99.877   82.088   38.518  -21.488    5.842  -22.251   39.864  -86.537   91.457 -158.644  -92.039  -49.028  -34.040
414  152.339    5.844 -176.710 -106.117   62.761 -111.689   64.781   32.331    2.926  -19.606    8.386   -7.122  -62.572  100.699 -175.145 -116.990  147.263 -172.873
415  163.157    9.942  170.803 -106.547   83.796 -103.843   83.343   12.001   -1.639   10.591  -19.947   11.239  -72.884   82.525  177.373 -106.958  131.547 -173.593
416  179.720   -4.544  177.229  -93.548   73.480 -124.425   84.147   32.127   -4.510   -7.197   -8.288    5.799  -83.295  117.853 -160.472  -84.972  113.505  175.315
417 -157.830    3.021 -176.654 -114.832   69.233  -91.637  100.282    3.447  -19.324  -10.329  -12.493   17.313  -85.594   90.639 -168.176  -83.702  105.430 -163.174
418 -179.569   26.060  172.919  -97.434   77.365 -108.668   92.383   24.183  -23.161   19.616  -17.868  -29.783  -66.053  152.935 -168.348 -123.771  121.625 -166.070
419 -148.771   25.870  160.851  -78.703   76.341 -105.256   74.709   20.057   -7.224   15.413  -23.345    7.429  -80.539   68.579 -171.991  -80.270  115.925 -179.777
420 -165.745    1.464  168.963 -110.316   77.988 -104.607   88.678   28.093    2.205    6.978   -4.616    0.657  -91.158  157.864 -165.348  -89.852  -97.691  -14.488
421  172.381    0.512  178.601  -95.673   68.113 -104.666   75.520   34.231    9.106   -8.202   12.106  -15.873  -62.035  136.213  175.316 -103.478  -63.797   28.223
422 -178.418   17.329 -170.881  -79.098   66.555 -120.496  101.330   48.859    7.306  -20.945   -8.304  -19.506  -66.086  136.877 -165.825  -87.968  -82.911   10.241
423  167.192   24.978 -169.798  -91.827   71.969 -114.643   87.797   41.294   -5.986    2.683    1.049   -6.470  -68.548  159.361 -167.138  -94.465  -87.372   -5.485
424  174.248   12.953 -176.365  -94.668   82.448 -112.772   69.557   32.248  -12.823  -19.086   -8.694  -12.395  -74.645   77.731  164.639  -83.061  -46.330  -10.350
425  171.698    6.835  176.103  -83.263   71.737  -96.715   73.829    9.686   13.874  -10.810  -11.931   33.033  -87.939   77.385 -167.277 -115.252  105.636  159.802
426 -133.857  -19.660  168.765 -107.261   88.296  -96.521   87.150   -1.387   -3.823  -12.929   10.818  -15.182  -84.748  136.733 -177.277 -169.607  126.353    1.719
427  177.272  -10.460  174.829 -111.435  103.327  -80.357   83.811  -15.759    8.335   -6.384   -9.865  -12.583  -72.099  138.841  176.329 -118.719   96.223 -149.520
428  173.429    9.325  176.210  -87.873   69.053 -112.687   66.726   48.261    1.561   -6.575    2.740   13.350  -89.424   98.227 -179.104 -138.839  129.332  -19.771
429  167.012   11.924  178.138  -86.881   51.286 -107.771   72.389   51.338  -17.199   15.651   -9.580    3.769  -76.040  131.286 -166.019 -131.899  104.453   19.699
430 -177.764   15.326  153.481  -84.931   79.015  -97.268   81.859   16.781   22.274  -21.068   -3.244   -7.473  -76.408  155.882  175.354 -134.030   97.964  -14.580
431  176.233    6.218 -175.655  -99.527   81.788 -116.241   97.064   37.042  -17.309    8.090  -15.933  -35.884  -84.120  151.305 -177.387 -148.425  112.978  -20.704
432  166.821   10.447 -178.547  -90.039   82.431 -113.853   75.891   43.650   -7.808    2.686   -6.454    1.258 -100.842   89.712  176.071  -94.561  106.958   -0.407
433  177.378    9.639 -173.569  -86.698   76.116  -94.154   73.175    7.081   13.868   -3.880  -12.321  -29.411  -83.443  162.117 -176.362 -110.649   86.504   19.029
434 -175.077   17.935  150.353 -130.770   87.386  -79.740   75.197  -10.804   12.678    3.671  -12.116  -16.656  -70.454  136.986 -179.352 -103.008   69.556   32.372
435 -156.788    7.589 -163.810 -110.340   58.617 -103.627   94.891   22.362    1.335    3.055    0.191   -8.472  -66.920   81.038 -161.720  -65.202   76.227   -6.788
436 -177.067   13.765  162.066  -77.835   82.481 -112.153   76.763   28.290    5.239   -1.181   13.005    6.121  -90.018   88.248 -178.528 -118.873   97.699   12.492
437 -175.888    5.505 -175.514  -80.133   83.012 -115.960   70.841   43.640    7.471  -11.546   11.209   -3.981  -77.252  109.584  174.513 -172.213   99.715   17.943
438 -164.046    6.870  178.461  -93.044   73.234 -118.768   72.510   33.299    5.117  -16.781   19.763   23.933  -78.107   67.293 -170.884  -60.677  146.188    6.605
439 -170.559   37.236  175.319  -90.574   65.099 -110.600  106.714   36.384  -12.667   12.582   -2.436   38.337  -92.977   91.554 -167.332 -149.776   95.570 -138.960
440  178.083    1.156  179.272  -70.573   68.214 -116.008   73.183   36.563    1.268    1.603   -5.369   21.030  -82.981  102.406 -168.425 -100.802  111.042 -166.006
441  178.468   21.527 -174.203  -89.176   67.838  -90.743   82.163   10.266    7.178  -11.565  -18.595   33.753  -86.568   80.837  174.143  -23.091   60.571 -166.593
442 -179.607   -3.568  157.998  -77.733   87.172 -116.682   91.329   31.467   -6.932   -6.096    8.392    7.115  -86.091   92.960 -174.562 -126.919   98.458 -168.399
443  165.172    6.249 -179.278 -117.635   89.070  -82.716   87.662    3.376   22.681  -13.957  -29.890   -9.392  -88.833   87.388 -156.256  -88.825  108.789 -157.526
444 -176.286   12.488 -171.525  -86.267   77.440 -103.679   85.912   32.302   32.233  -22.076    5.038   18.038  -86.180   74.867  179.555 -105.959  146.229 -152.301
445  166.211   -7.140 -163.889  -87.456   61.204 -112.130  112.038   51.697   12.572   -4.143    5.232  -20.425  -66.783  104.757 -171.274 -126.943  109.964 -152.793
446 -179.147    1.932  173.688  -95.347   69.758 -137.830   88.594   48.834   -0.324   16.952  -21.137   -0.678  -75.703  123.826  178.688 -157.254  126.729 -173.087
447 -170.842   16.168 -174.660  -87.450   69.799 -121.194   81.770   22.127  -28.480   22.298   -1.688    1.320  -76.380  133.248 -169.607 -119.623  138.032  169.869
448 -168.928   -7.666 -164.160 -101.161   74.978 -105.144   92.174    7.148   -7.994  -16.923   11.236   36.032  -99.281  105.799  165.976 -177.111   89.654  168.755
449 -158.983    5.002 -174.940  -89.019   76.336 -124.685   94.690   38.088  -11.723    2.713  -10.781   -0.817  -75.448   63.291 -179.698  -87.628  146.517 -164.469
450 -162.322    6.421  169.778  -86.846   77.171 -105.607   86.021   28.544   -2.909   10.534  -12.996   24.754 -100.192   73.763 -178.804  -87.359  128.072 -155.506
451  172.172   10.561  170.529  -66.205   63.695 -107.321   76.590   31.592   -5.135    0.997    0.028    3.139  -83.718   92.338 -166.777 -120.162  123.951  174.761
452  162.830   11.214 -161.010  109.040  153.485  -71.166   78.326  -12.457   11.559    2.001   -5.392  -14.757  -63.927   72.152 -165.378  -88.311  123.273    1.528
453  167.835    7.229 -169.120  122.649  158.086  -84.855   94.969  -27.025   -6.676   20.957  -12.626    6.227  -82.883  120.623 -176.523 -109.663  114.425   39.830
454 -169.719   15.692  177.305  125.277  150.882  -54.166   77.531  -36.188    5.611   -6.993   -9.102   -4.615  -74.341   93.840 -167.122 -120.065  156.318    2.573
455  172.202   -9.449  179.686   91.865  175.516  -70.890   99.548  -18.306  -11.752   21.297    2.028   22.781  -90.226   14.263  177.153  -82.469  158.043  -16.792
456  177.385   10.644  161.510  132.452  169.516  -85.672   94.021   -2.381   -5.373    0.998  -11.255  -13.380  -92.653  118.776  165.056   87.448 -106.711 -168.398
457  179.361   -4.068  174.876  123.654  160.241  -61.621   89.411  -25.014   26.394  -17.589  -17.938  -46.025  -77.952  150.659 -165.110 -155.396 -142.156 -179.667
458  170.592   -5.799 -178.753  100.993  168.689  -61.855   86.541  -45.105  -15.581   14.290  -15.851  -10.532  -84.446  142.587  164.152 -145.969 -140.919  155.357
459   13.123   -6.165  173.309  110.757  165.289  -83.352  105.368  -13.625  -45.047   25.496   -1.564   -3.991  -91.270   93.011 -177.255  -93.889 -136.452  171.574
460    4.416    1.581  156.687  111.088 -179.626  -74.464   95.013  -12.897   -6.438    3.087   10.758  -26.930  -58.490  101.889  170.392  -91.825 -147.782 -172.787
461  -21.649    3.640  173.321  128.493  168.366  -80.187   69.878  -15.963    3.995  -14.013    4.030    9.308 -108.362   98.402  179.098 -137.947 -125.951 -163.170
462   42.737   -4.870  177.451  118.675  164.331 -104.271   85.385    4.922  -23.792   17.086    7.400  -11.473  -86.547  104.516  179.246 -114.507 -127.832  146.645
463  -18.658  -11.336 -171.730  111.566  168.789  -91.992   87.403   -1.738  -22.963    7.521   15.446  -37.802  -88.434  110.585  168.790 -101.896 -133.395 -134.955
464   27.212   -7.365  158.069  114.010  170.215  -82.195   83.797   -0.427   -4.229   -2.085   -4.747  -12.464  -90.050  100.059  173.441 -103.178 -114.610 -175.562
465  -18.253    1.079  170.820  116.139  166.207  -70.789  103.620  -26.728  -13.748   -2.777  -15.426  -34.019  -65.470  113.568  176.083 -118.688 -166.465  163.770
466   -6.279    6.691  175.501  110.023  161.336  -77.734   68.515    1.513  -10.023   -8.357    3.360  -38.535  -65.420  117.294  176.832  -99.966 -158.043  167.257
467   11.787    5.623  168.802  105.638  164.150  -77.441   81.963  -12.651  -22.944    9.653  -14.402  -26.951  -74.484  105.079  175.644  -88.015 -136.533 -149.086
468  -23.106   -1.929  177.338  119.623  164.806  -67.808   94.708   -5.420    4.920   -8.033    9.339  -39.057  -65.660  100.797  174.552 -119.577 -123.268  147.798
469   15.393  -19.791 -179.500  142.444  157.051  -89.779   83.514    2.387    7.716   -3.402   -9.124  -34.789  -66.431  129.568 -171.022 -123.598 -145.360  170.080
470   20.814   -3.374  175.368  120.005  170.895  -85.063   77.675   -1.423  -16.337    0.934   -0.936  -32.263  -66.635   89.028 -173.586  -92.351 -150.065 -171.116
471    6.083  -19.676 -177.409  120.406  157.031  -79.281   88.854  -24.781   21.556  -13.221   -0.472    4.373 -103.603  101.455  174.346 -102.884 -145.136 -152.489
472   26.687    9.583  178.343  108.413  169.031  -78.356   81.056    2.757   -1.037  -20.806   14.305  -12.184  -72.515  105.316 -177.158 -143.678 -114.433  158.871
473   23.383  -21.816 -178.920  139.315  148.330 -102.092   64.136   -3.134  -30.567    9.365    0.875    8.597  -88.363  140.613 -171.144 -131.034  168.656  174.612
474   -4.515   -1.485  168.387  130.981  163.076  -97.119   80.999    4.018  -35.417   14.514    1.368  -36.621  -56.252  119.867 -179.837 -127.488 -141.446 -161.063
475  -22.552  -12.075  177.411  135.114  162.416  -76.577   83.707  -10.959   16.926  -31.175    0.658  -16.612 -111.236   82.870 -173.996 -113.619 -128.673 -165.349
476   -6.069  -13.606  173.071  148.479  155.918  -93.137   81.134    3.527   -6.014   15.284   -4.882  -18.336  -72.769  135.971  178.794 -154.693 -105.705 -155.982
477   19.246    8.694  175.323  123.639  153.858  -72.310   78.393  -25.167  -15.961  -14.794   -7.487  -48.927  -52.234  113.411 -165.489 -116.120 -145.109  179.604
478   -9.624   -6.945  178.893  104.344  157.201  -63.378   83.736  -27.333    2.563    0.740    3.112   -7.571  -78.024  140.589 -170.741 -150.386 -102.200   -4.953
479  -14.326   -1.548  167.333  100.587  168.294  -72.602   90.191    0.856   10.423   -3.136   -7.221    2.068  -79.413  149.961  170.528 -171.781 -111.931  -23.449
480  -12.642   -8.307  165.962  132.926  157.117  -69.079   86.062  -14.361    8.591  -11.569   -9.431  -17.939  -85.938  124.807 -163.418 -111.540 -174.813   -2.656
481 -175.720  -16.448  173.140  120.502  177.254  -72.373 -130.793  -15.699  -22.004   14.564   -5.446  -25.076  -76.238   86.016  177.733 -107.449 -125.010 -164.907
482    7.779   -8.244 -166.118  108.461  173.812  -78.099 -130.115  -25.502   10.615    3.671    9.090  -31.375  -84.156  144.394  173.522 -178.729 -111.220  178.772
483   19.178  -12.541 -169.230  137.386  157.568  -95.102  -73.807  -38.914   -0.364   -8.994  -14.279  -17.730  -87.073  123.862  164.878 -148.911 -136.001  154.852
484  -18.354    3.954 -175.164  108.500  159.604  -79.563  102.778  -10.920  -25.732    6.532    4.273  -46.166  -57.198  108.506 -166.688 -120.963 -158.106  171.708
485 -179.260  -24.083  178.159  124.211  177.364  -88.932   97.546  -11.916  -16.016   -1.906    5.459  -11.565  -90.992   71.519 -179.191 -128.870 -118.097  157.514
486 -149.612   -9.768  178.407  113.320  169.432  -66.570   91.633  -35.859  -39.136    7.354    7.975   -3.062  -96.631   92.124  175.964 -124.774 -113.815  155.282
487  179.653    6.256  156.240  143.767  163.256  -77.536   62.320   -6.554    7.797   -6.139  -13.508  -13.162  -66.889  135.889 -177.281  164.577  -62.899 -155.573
488 -164.907    9.968  160.916  121.039  164.031  -69.085   90.939  -10.532    4.749   -8.124    0.434   -8.470  -70.401  139.454 -167.563  154.635  -71.049 -159.502
489 -164.218   -3.551  173.253  127.472  160.168  -68.313   80.541  -30.931   -9.333   24.652   -2.189    4.683  -86.740  119.747 -175.904  177.619  -95.077 -179.793
490  177.701   -1.481  169.072  137.447  148.995  -80.366   66.858  -28.730   -8.314   -1.159   -7.204   13.912  -99.886  152.708 -169.628  159.767  -74.144  154.681
491  179.913    5.810  162.795  133.155  155.476  -69.588   89.890  -21.414   -1.490  -17.379    1.448   -9.398  -81.514  156.745  179.008  172.286  -89.461 -177.189
492  157.434  -15.775  162.161  147.030  155.409  -77.057  107.438  -30.158  -11.778   -0.682   24.059  -31.031  -77.992 -177.829  173.014  163.816  -96.225  -47.416
493  179.581   -3.636  179.179  114.351  168.472  -68.494   83.285  -22.549   17.827  -11.028   -4.713  -17.306  -71.386  163.782 -169.789  176.476 -109.908  -14.765
494  155.612    9.653  176.386  124.126  160.770  -91.146   69.531    6.356  -11.186   -6.041   -1.317  -11.516  -90.118  146.609 -172.617 -158.066 -142.334    1.842
495  152.677   -5.744 -175.014  113.044  165.507  -80.918   93.258  -14.470  -17.994   -3.927    8.508  -12.953  -95.138  149.163 -168.462  177.663 -138.246  -29.082
496   15.830   -9.608  167.380  135.361  161.379  -60.401   88.832  -24.582   -7.413   -5.464    1.658  -28.045  -51.877 -177.063 -170.315 -171.719 -117.555 -175.382
497    3.964    6.443 -174.060  112.701  163.733  -66.416   84.585  -32.945    7.098    0.084   -3.627  -31.739  -79.375 -178.369  172.555  160.633 -104.409  -31.330
498  151.483   17.450  169.640   98.399  158.522  -84.913   89.442  -22.656  -20.951   -6.358  -17.039  -16.367  -78.267  179.531 -179.756  160.842 -117.130  160.630
499 -169.605   12.344 -174.366  111.471  165.155  -69.113   82.564  -27.173    1.964    6.769    2.274   14.518 -113.002   99.668  172.828 -125.543 -114.538 -176.454
500 -167.797   12.008 -166.973  105.414  160.660  -69.059   75.309  -12.177   -2.769  -12.724  -42.359   -4.365  -74.324  170.008  166.887  159.056  -94.476    7.809
501 -154.167    2.982  173.498  127.868  159.438  -83.568   88.290    5.015   -2.172   -6.637   -9.924  -21.162  -74.304  176.551 -179.837  151.270  -95.228  -12.079
