  # frame#    Prot_CA   Prot_Backbone  Prot_Sidechain  Prot_All_Heavy Lig_wrt_Protein  Lig_wrt_Ligand
         0      0.000           0.000           0.000           0.000           0.000           0.000
         1      3.130           3.137           3.699           3.341           3.308           1.718
         2      3.666           3.674           4.279           3.909           3.765           1.646
         3      3.645           3.647           4.307           3.904           5.196           1.625
         4      3.941           3.944           4.536           4.174           4.489           1.638
         5      3.666           3.670           4.350           3.943           4.681           1.847
         6      3.593           3.593           4.298           3.884           4.721           1.957
         7      3.730           3.724           4.477           4.037           4.579           1.815
         8      3.880           3.876           4.598           4.175           5.398           1.651
         9      4.024           4.021           4.753           4.329           5.570           1.838
        10      4.047           4.044           4.768           4.347           5.842           2.002
        11      4.049           4.044           4.833           4.380           5.736           2.092
        12      4.020           4.014           4.791           4.343           6.159           2.616
        13      4.210           4.208           4.942           4.511           6.033           2.413
        14      4.131           4.134           4.855           4.431           5.900           2.268
        15      3.836           3.834           4.599           4.144           5.467           2.208
        16      3.896           3.890           4.661           4.215           5.927           2.291
        17      4.006           3.999           4.787           4.338           5.700           1.882
        18      3.797           3.800           4.610           4.149           5.388           2.195
        19      3.698           3.700           4.523           4.042           6.000           2.474
        20      3.919           3.922           4.678           4.233           6.123           2.599
        21      4.061           4.058           4.841           4.386           6.083           1.901
        22      3.869           3.872           4.686           4.214           5.605           1.928
        23      3.986           3.987           4.818           4.344           5.900           2.133
        24      3.959           3.963           4.751           4.295           5.936           2.126
        25      3.911           3.910           4.751           4.274           5.746           2.039
        26      4.255           4.258           5.035           4.585           7.210           2.346
        27      4.057           4.057           4.849           4.391           6.013           1.713
        28      4.101           4.102           4.908           4.446           5.767           2.074
        29      4.146           4.148           4.927           4.475           6.427           2.388
        30      4.238           4.235           4.989           4.548           7.641           2.472
        31      4.411           4.412           5.184           4.738           6.792           2.561
        32      4.150           4.154           4.924           4.482           6.396           2.385
        33      4.336           4.337           5.115           4.668           6.732           2.431
        34      4.168           4.169           4.994           4.522           6.376           1.887
        35      4.136           4.138           4.955           4.481           6.314           2.875
        36      4.155           4.156           4.979           4.504           6.652           2.974
        37      4.346           4.351           5.149           4.689           6.369           2.758
        38      4.068           4.071           4.881           4.421           6.856           2.005
        39      4.256           4.261           5.045           4.601           7.454           2.380
        40      4.272           4.273           5.104           4.629           6.575           1.753
        41      4.072           4.078           4.904           4.431           6.985           2.294
        42      4.232           4.235           5.035           4.581           7.902           1.898
        43      4.032           4.032           4.888           4.403           7.978           1.894
        44      4.035           4.032           4.893           4.414           7.407           2.517
        45      4.167           4.166           5.040           4.551           7.348           1.896
        46      4.192           4.195           5.051           4.574           6.809           1.981
        47      4.233           4.240           5.069           4.600           7.003           2.879
        48      4.270           4.278           5.138           4.651           7.513           2.370
        49      3.956           3.963           4.822           4.329           6.753           2.074
        50      4.112           4.121           4.976           4.489           6.554           2.089
        51      4.054           4.064           4.938           4.441           7.011           2.269
        52      4.066           4.068           4.946           4.455           6.998           2.399
        53      4.186           4.193           5.063           4.564           6.353           2.736
        54      3.988           3.990           4.881           4.378           7.581           2.616
        55      4.050           4.065           4.935           4.441           7.802           3.149
        56      4.249           4.267           5.132           4.642           7.212           3.503
        57      4.286           4.295           5.160           4.660           7.330           3.434
        58      4.152           4.166           5.068           4.560           7.947           2.087
        59      4.193           4.204           5.088           4.588           7.106           2.119
        60      4.069           4.086           5.003           4.487           7.390           2.330
        61      4.038           4.049           4.944           4.440           7.086           2.563
        62      4.090           4.092           4.977           4.476           6.806           2.297
        63      3.958           3.954           4.883           4.363           6.528           2.254
        64      4.011           4.011           4.933           4.415           6.392           2.417
        65      4.029           4.029           4.929           4.421           6.907           1.575
        66      3.880           3.879           4.812           4.279           7.029           1.698
        67      3.948           3.950           4.868           4.347           6.408           1.667
        68      3.994           3.997           4.893           4.381           7.061           1.980
        69      3.970           3.971           4.889           4.363           7.496           1.955
        70      3.967           3.969           4.873           4.358           7.660           1.884
        71      4.193           4.190           5.040           4.556           7.330           1.893
        72      4.062           4.065           4.942           4.438           7.124           2.191
        73      4.308           4.306           5.185           4.685           8.559           1.971
        74      4.247           4.257           5.097           4.608           8.246           2.027
        75      4.307           4.311           5.165           4.676           6.900           1.886
        76      4.256           4.257           5.121           4.626           7.806           2.397
        77      4.379           4.381           5.203           4.730           7.906           2.120
        78      4.328           4.330           5.155           4.677           8.009           2.326
        79      4.236           4.242           5.090           4.601           8.102           2.266
        80      4.286           4.287           5.138           4.648           7.069           2.205
        81      4.246           4.248           5.110           4.614           6.475           2.442
        82      4.322           4.320           5.189           4.693           7.115           2.745
        83      4.317           4.317           5.222           4.713           8.270           2.378
        84      4.253           4.254           5.107           4.614           7.982           2.203
        85      4.241           4.238           5.175           4.643           7.653           2.309
        86      4.206           4.200           5.130           4.607           7.478           2.046
        87      4.194           4.195           5.099           4.586           7.602           2.577
        88      4.250           4.252           5.137           4.636           8.386           2.400
        89      4.289           4.289           5.181           4.674           6.954           2.134
        90      4.280           4.286           5.183           4.676           7.007           2.242
        91      4.384           4.384           5.327           4.795           7.467           2.299
        92      4.331           4.329           5.272           4.743           7.895           2.250
        93      4.275           4.274           5.231           4.694           7.711           2.006
        94      4.285           4.288           5.227           4.699           8.558           2.649
        95      4.451           4.460           5.350           4.848           8.024           2.236
        96      4.296           4.297           5.190           4.689           8.476           2.246
        97      4.205           4.208           5.095           4.588           8.174           2.513
        98      4.509           4.512           5.393           4.896           7.136           2.039
        99      4.171           4.171           5.110           4.584           7.766           1.964
       100      4.224           4.222           5.156           4.626           7.649           1.722
       101      4.222           4.217           5.154           4.626           7.317           2.088
       102      4.374           4.370           5.290           4.772           7.664           2.276
       103      4.251           4.253           5.200           4.669           7.762           2.205
       104      4.308           4.317           5.226           4.711           7.359           1.953
       105      4.322           4.335           5.228           4.723           8.057           2.481
       106      4.229           4.230           5.150           4.630           7.764           2.474
       107      4.183           4.183           5.107           4.583           7.699           2.150
       108      4.370           4.374           5.272           4.761           7.643           1.923
       109      4.445           4.449           5.349           4.830           7.057           1.475
       110      4.271           4.274           5.157           4.645           7.351           1.456
       111      4.388           4.390           5.288           4.777           7.096           1.757
       112      4.477           4.473           5.409           4.876           8.051           1.547
       113      4.462           4.464           5.375           4.855           8.184           1.528
       114      4.366           4.374           5.291           4.772           7.926           1.589
       115      4.551           4.554           5.403           4.919           7.946           1.384
       116      4.524           4.535           5.393           4.905           6.910           1.529
       117      4.162           4.166           5.080           4.560           6.928           1.697
       118      4.219           4.219           5.140           4.617           7.414           1.581
       119      4.117           4.121           5.067           4.529           7.221           1.372
       120      4.142           4.138           5.133           4.575           6.752           1.411
       121      4.128           4.131           5.087           4.551           7.905           1.493
       122      4.251           4.258           5.212           4.672           7.131           1.860
       123      4.190           4.195           5.154           4.606           7.317           1.632
       124      4.183           4.187           5.106           4.579           6.818           1.745
       125      4.313           4.318           5.248           4.716           6.821           1.768
       126      4.196           4.204           5.137           4.602           6.304           1.740
       127      4.306           4.311           5.228           4.701           6.885           1.989
       128      4.218           4.222           5.169           4.622           6.691           2.563
       129      4.271           4.278           5.202           4.675           7.236           2.248
       130      4.249           4.256           5.202           4.663           7.517           2.152
       131      4.214           4.222           5.140           4.614           7.401           2.406
       132      4.441           4.450           5.315           4.820           7.632           2.172
       133      4.294           4.304           5.211           4.695           7.283           1.900
       134      4.391           4.401           5.262           4.765           7.162           2.052
       135      4.274           4.285           5.153           4.654           7.387           2.255
       136      4.318           4.328           5.207           4.700           7.378           2.094
       137      4.345           4.352           5.228           4.728           7.862           2.090
       138      4.212           4.221           5.113           4.604           6.923           1.681
       139      4.262           4.274           5.146           4.645           8.110           2.357
       140      4.281           4.290           5.192           4.669           7.318           2.028
       141      4.271           4.281           5.179           4.667           7.451           2.352
       142      4.334           4.339           5.234           4.724           7.380           2.265
       143      4.142           4.145           5.047           4.533           7.339           2.338
       144      4.307           4.317           5.232           4.713           7.566           2.183
       145      4.255           4.261           5.185           4.656           7.131           2.382
       146      4.138           4.150           5.062           4.537           7.861           2.864
       147      4.156           4.167           5.095           4.568           7.852           2.453
       148      4.200           4.208           5.134           4.607           7.580           2.275
       149      4.236           4.251           5.149           4.636           7.694           2.249
       150      4.538           4.548           5.407           4.919           7.573           2.200
       151      4.376           4.388           5.275           4.772           7.594           2.082
       152      4.343           4.353           5.271           4.758           7.161           2.240
       153      4.564           4.570           5.467           4.960           6.466           1.898
       154      4.227           4.237           5.185           4.653           6.477           1.772
       155      4.188           4.202           5.134           4.612           6.482           2.868
       156      4.370           4.379           5.311           4.791           6.811           2.204
       157      4.246           4.253           5.182           4.655           6.865           1.899
       158      4.283           4.291           5.180           4.677           6.804           1.815
       159      4.124           4.132           5.053           4.530           6.477           1.718
       160      4.249           4.255           5.189           4.667           6.735           1.525
       161      4.274           4.285           5.212           4.686           6.370           1.658
       162      4.254           4.263           5.176           4.657           7.259           1.478
       163      4.231           4.243           5.133           4.619           7.285           1.522
       164      4.224           4.236           5.173           4.645           6.660           1.548
       165      4.154           4.163           5.090           4.564           6.529           1.202
       166      4.232           4.247           5.111           4.614           6.685           1.403
       167      4.213           4.226           5.121           4.609           6.528           1.403
       168      4.298           4.313           5.172           4.683           7.334           1.584
       169      4.368           4.384           5.242           4.749           6.975           1.671
       170      4.233           4.254           5.167           4.642           6.933           1.634
       171      4.120           4.133           5.071           4.535           6.966           1.691
       172      4.245           4.258           5.139           4.626           6.769           1.635
       173      3.913           3.924           4.898           4.341           6.487           1.613
       174      4.142           4.154           5.066           4.541           6.754           1.328
       175      4.076           4.090           4.998           4.478           6.740           1.519
       176      4.099           4.114           5.037           4.506           7.001           1.548
       177      4.200           4.207           5.155           4.615           6.731           1.945
       178      4.056           4.064           5.006           4.464           6.934           2.425
       179      4.082           4.093           5.053           4.500           6.867           1.808
       180      4.043           4.059           5.020           4.466           6.889           1.815
       181      3.942           3.951           4.944           4.376           6.502           1.806
       182      4.093           4.108           5.068           4.523           6.995           1.845
       183      4.176           4.186           5.126           4.591           6.980           2.675
       184      4.145           4.159           5.094           4.562           6.866           1.779
       185      4.132           4.144           5.075           4.542           6.910           1.799
       186      4.195           4.211           5.146           4.609           7.218           1.538
       187      4.118           4.141           5.069           4.536           7.374           1.546
       188      4.106           4.133           5.030           4.511           7.410           1.623
       189      4.141           4.168           5.057           4.545           7.173           1.558
       190      4.041           4.058           4.967           4.444           6.744           1.349
       191      3.961           3.979           4.914           4.378           7.111           1.381
       192      4.075           4.099           5.006           4.485           7.050           1.598
       193      4.134           4.154           5.057           4.537           6.570           1.552
       194      4.180           4.201           5.101           4.581           6.917           1.956
       195      4.033           4.053           4.994           4.453           6.152           1.606
       196      3.854           3.876           4.850           4.284           6.485           1.390
       197      3.996           4.013           4.973           4.422           6.654           1.757
       198      4.148           4.168           5.072           4.549           6.533           1.637
       199      3.983           4.007           4.921           4.393           6.841           1.743
       200      4.058           4.082           4.984           4.464           6.970           1.569
       201      4.099           4.129           5.012           4.501           6.758           1.705
       202      4.214           4.240           5.186           4.646           6.868           1.819
       203      4.196           4.213           5.115           4.602           6.632           1.426
       204      4.215           4.233           5.115           4.609           6.721           1.870
       205      4.131           4.152           5.039           4.529           6.810           1.834
       206      4.293           4.309           5.199           4.685           6.494           2.459
       207      4.132           4.142           5.086           4.551           6.651           2.696
       208      4.194           4.206           5.141           4.601           7.086           2.719
       209      4.096           4.103           5.022           4.489           6.712           2.504
       210      4.030           4.048           4.985           4.447           7.129           2.916
       211      3.949           3.959           4.928           4.373           6.629           2.404
       212      4.002           4.010           4.970           4.421           6.871           2.244
       213      3.982           3.990           4.946           4.399           7.150           2.067
       214      4.172           4.182           5.089           4.567           8.010           2.372
       215      3.997           4.020           4.964           4.421           7.529           2.177
       216      3.943           3.961           4.870           4.345           6.320           2.497
       217      4.118           4.136           5.049           4.524           7.213           2.380
       218      4.043           4.056           4.973           4.445           8.364           2.448
       219      3.902           3.915           4.879           4.327           7.112           2.269
       220      3.996           4.007           4.967           4.413           6.775           1.847
       221      4.020           4.037           4.958           4.426           7.350           2.511
       222      4.167           4.177           5.106           4.573           7.117           1.901
       223      4.036           4.049           4.970           4.440           6.677           1.997
       224      4.155           4.168           5.085           4.554           7.414           2.203
       225      4.343           4.352           5.217           4.716           7.841           2.196
       226      4.375           4.378           5.305           4.769           7.497           2.356
       227      4.254           4.252           5.261           4.687           6.829           1.901
       228      4.325           4.328           5.286           4.734           6.206           2.093
       229      4.324           4.329           5.259           4.727           6.737           2.147
       230      4.394           4.410           5.311           4.796           6.858           2.316
       231      4.424           4.431           5.326           4.808           6.967           1.792
       232      4.314           4.316           5.263           4.724           6.503           2.093
       233      4.436           4.444           5.329           4.819           6.779           1.929
       234      4.420           4.420           5.375           4.828           7.159           2.323
       235      4.448           4.449           5.395           4.856           6.916           1.966
       236      4.667           4.676           5.564           5.053           6.502           1.821
       237      4.607           4.611           5.522           4.994           6.413           2.057
       238      4.263           4.269           5.220           4.685           7.105           1.936
       239      4.164           4.168           5.178           4.605           6.874           1.915
       240      4.126           4.138           5.103           4.552           6.141           2.094
       241      4.355           4.364           5.328           4.779           6.318           1.903
       242      4.659           4.670           5.571           5.044           6.295           1.925
       243      4.411           4.413           5.339           4.810           7.010           2.197
       244      4.669           4.674           5.568           5.053           7.274           2.177
       245      4.522           4.522           5.445           4.915           7.386           1.888
       246      4.406           4.411           5.351           4.810           6.557           2.109
       247      4.390           4.389           5.331           4.798           6.089           2.293
       248      4.424           4.421           5.357           4.829           6.599           2.436
       249      4.387           4.392           5.334           4.802           6.951           2.044
       250      4.536           4.542           5.399           4.903           6.502           2.182
       251      4.503           4.500           5.397           4.884           6.855           2.043
       252      4.561           4.566           5.467           4.947           6.678           2.327
       253      4.502           4.505           5.401           4.889           6.254           2.032
       254      4.472           4.479           5.369           4.860           6.529           2.233
       255      4.489           4.493           5.384           4.864           6.502           2.187
       256      4.390           4.394           5.309           4.784           6.293           2.685
       257      4.549           4.549           5.445           4.934           6.649           1.880
       258      4.630           4.630           5.499           4.992           7.056           2.348
       259      4.410           4.414           5.331           4.804           6.561           1.906
       260      4.419           4.423           5.318           4.805           6.275           1.942
       261      4.601           4.604           5.487           4.977           7.039           2.228
       262      4.607           4.605           5.499           4.988           7.120           2.131
       263      4.521           4.526           5.417           4.912           7.133           2.140
       264      4.495           4.496           5.389           4.880           7.005           2.306
       265      4.651           4.655           5.551           5.035           6.304           2.080
       266      4.830           4.830           5.695           5.191           7.164           2.139
       267      4.483           4.485           5.395           4.875           6.794           2.248
       268      4.834           4.838           5.694           5.198           6.095           1.817
       269      4.933           4.935           5.774           5.291           6.157           2.065
       270      4.843           4.849           5.720           5.217           6.890           2.117
       271      4.699           4.704           5.613           5.100           6.830           1.950
       272      4.752           4.752           5.660           5.141           6.840           2.220
       273      4.654           4.651           5.579           5.050           7.003           2.042
       274      4.629           4.629           5.564           5.030           7.123           2.519
       275      4.785           4.781           5.667           5.159           6.404           2.029
       276      4.288           4.292           5.233           4.698           7.195           2.286
       277      4.664           4.669           5.594           5.055           6.835           1.914
       278      4.512           4.513           5.453           4.914           7.155           2.528
       279      4.589           4.592           5.556           5.008           7.190           2.841
       280      4.619           4.618           5.592           5.040           8.708           3.749
       281      4.711           4.712           5.645           5.111           7.153           3.596
       282      4.775           4.773           5.705           5.169           7.472           3.462
       283      4.870           4.870           5.755           5.236           6.840           2.492
       284      4.708           4.718           5.609           5.090           6.411           2.350
       285      4.916           4.921           5.802           5.286           6.686           2.399
       286      4.835           4.838           5.747           5.219           6.693           2.185
       287      5.173           5.176           6.014           5.522           6.871           2.227
       288      4.949           4.960           5.799           5.308           7.005           2.615
       289      5.221           5.231           6.062           5.574           6.300           2.220
       290      4.905           4.913           5.733           5.251           6.498           2.030
       291      4.998           4.998           5.861           5.358           6.071           2.438
       292      4.791           4.791           5.717           5.183           5.451           2.485
       293      4.679           4.684           5.597           5.063           6.101           2.462
       294      4.568           4.569           5.465           4.942           5.404           1.792
       295      4.466           4.465           5.399           4.862           5.343           1.587
       296      4.571           4.580           5.499           4.965           5.255           1.757
       297      4.759           4.763           5.616           5.118           5.351           1.800
       298      4.542           4.542           5.449           4.920           5.787           2.678
       299      4.491           4.496           5.399           4.871           5.699           1.400
       300      4.565           4.576           5.485           4.959           6.047           1.459
       301      4.494           4.515           5.386           4.871           5.148           1.627
       302      4.626           4.643           5.521           5.016           5.631           1.435
       303      4.816           4.829           5.711           5.203           6.009           1.375
       304      4.697           4.712           5.581           5.072           5.843           1.717
       305      4.475           4.494           5.373           4.859           5.722           1.703
       306      4.669           4.678           5.610           5.075           5.673           1.571
       307      4.463           4.474           5.410           4.870           5.379           1.397
       308      4.672           4.683           5.547           5.044           5.963           1.601
       309      4.426           4.446           5.348           4.817           6.097           1.437
       310      4.470           4.489           5.381           4.866           5.392           1.480
       311      4.775           4.780           5.715           5.172           5.563           1.623
       312      4.551           4.566           5.439           4.932           5.244           1.774
       313      4.300           4.321           5.250           4.709           5.360           1.181
       314      4.698           4.708           5.616           5.089           5.420           1.578
       315      4.590           4.602           5.482           4.958           5.513           1.404
       316      4.708           4.722           5.559           5.061           5.409           1.475
       317      4.700           4.717           5.565           5.063           5.552           1.507
       318      4.574           4.586           5.499           4.961           5.627           1.661
       319      4.904           4.918           5.741           5.254           5.614           1.669
       320      5.000           5.004           5.856           5.356           6.047           1.480
       321      4.759           4.764           5.641           5.129           6.451           1.610
       322      4.637           4.644           5.560           5.025           6.098           1.683
       323      4.898           4.905           5.770           5.257           6.069           1.550
       324      4.751           4.749           5.705           5.150           5.956           1.238
       325      4.952           4.953           5.875           5.337           5.716           1.502
       326      4.724           4.725           5.698           5.138           6.367           1.724
       327      4.536           4.540           5.488           4.939           6.988           1.600
       328      4.606           4.605           5.589           5.016           6.032           1.755
       329      4.720           4.722           5.667           5.114           5.517           1.547
       330      4.823           4.826           5.727           5.199           6.546           1.720
       331      4.846           4.848           5.758           5.219           5.670           1.439
       332      4.699           4.706           5.588           5.065           6.262           2.474
       333      4.684           4.690           5.567           5.053           5.451           1.920
       334      4.749           4.752           5.646           5.117           6.069           2.524
       335      4.658           4.661           5.601           5.057           5.758           2.598
       336      4.424           4.429           5.358           4.816           6.059           2.615
       337      4.612           4.617           5.518           4.991           6.379           2.530
       338      4.904           4.912           5.770           5.266           6.101           2.629
       339      4.904           4.905           5.799           5.279           6.042           2.457
       340      4.783           4.785           5.684           5.162           6.177           2.501
       341      4.564           4.559           5.477           4.943           6.014           2.469
       342      4.674           4.673           5.611           5.067           6.657           2.798
       343      4.651           4.656           5.555           5.029           6.874           2.608
       344      4.391           4.391           5.328           4.781           7.306           3.083
       345      4.897           4.901           5.765           5.262           6.719           2.722
       346      4.664           4.669           5.516           5.014           7.147           2.798
       347      4.440           4.443           5.374           4.828           6.920           2.893
       348      4.636           4.638           5.536           5.013           6.603           2.761
       349      4.643           4.644           5.536           5.012           6.900           2.959
       350      4.645           4.644           5.536           5.013           7.049           3.011
       351      4.475           4.476           5.397           4.863           7.002           2.828
       352      4.448           4.445           5.378           4.836           7.034           2.712
       353      4.633           4.637           5.543           5.013           6.823           2.390
       354      4.819           4.821           5.717           5.193           6.932           1.833
       355      4.759           4.766           5.646           5.130           7.425           2.687
       356      4.622           4.627           5.539           5.010           6.982           2.958
       357      4.682           4.688           5.598           5.070           7.362           2.715
       358      4.354           4.356           5.350           4.778           7.082           2.535
       359      4.563           4.576           5.532           4.976           7.282           2.796
       360      4.556           4.565           5.465           4.942           7.165           2.802
       361      4.402           4.410           5.323           4.795           7.130           2.285
       362      4.492           4.496           5.452           4.896           6.940           2.576
       363      4.481           4.473           5.437           4.878           6.924           2.363
       364      4.343           4.349           5.298           4.750           7.216           2.469
       365      4.369           4.368           5.308           4.761           7.014           1.837
       366      4.274           4.274           5.236           4.676           6.470           1.898
       367      4.204           4.206           5.177           4.614           6.842           1.795
       368      4.382           4.385           5.328           4.785           6.764           1.819
       369      4.745           4.744           5.644           5.121           6.883           1.816
       370      4.355           4.357           5.346           4.777           7.172           2.408
       371      4.532           4.533           5.503           4.943           7.088           2.221
       372      4.453           4.456           5.423           4.871           7.103           2.525
       373      4.479           4.478           5.447           4.891           8.029           2.675
       374      4.425           4.427           5.413           4.849           7.669           2.567
       375      4.334           4.337           5.350           4.772           7.478           2.656
       376      4.537           4.542           5.501           4.953           7.801           2.374
       377      4.380           4.389           5.370           4.803           7.469           2.089
       378      4.401           4.404           5.378           4.814           8.525           1.894
       379      4.312           4.316           5.291           4.731           8.645           2.146
       380      4.172           4.180           5.180           4.608           8.519           3.684
       381      4.210           4.218           5.177           4.623           8.588           2.496
       382      4.257           4.260           5.246           4.681           7.996           3.192
       383      4.440           4.445           5.382           4.842           8.357           2.697
       384      4.619           4.615           5.616           5.040           7.787           3.310
       385      4.358           4.368           5.315           4.769           8.383           3.384
       386      4.293           4.301           5.296           4.728           8.141           3.168
       387      4.221           4.227           5.234           4.660           8.230           3.407
       388      4.216           4.222           5.224           4.654           8.070           3.498
       389      4.395           4.400           5.350           4.805           6.702           3.206
       390      4.081           4.088           5.091           4.522           7.508           3.383
       391      4.227           4.232           5.223           4.659           8.281           3.317
       392      4.372           4.377           5.330           4.785           8.211           3.303
       393      4.359           4.364           5.373           4.799           8.465           2.667
       394      4.417           4.420           5.398           4.837           8.013           3.075
       395      4.202           4.210           5.221           4.639           8.133           3.371
       396      4.512           4.522           5.459           4.918           7.762           3.277
       397      4.279           4.291           5.280           4.718           8.353           3.009
       398      4.294           4.298           5.285           4.719           7.418           2.937
       399      4.318           4.326           5.312           4.754           6.892           3.368
       400      4.376           4.380           5.375           4.807           7.452           3.314
       401      4.461           4.467           5.422           4.877           6.387           3.211
       402      4.551           4.563           5.489           4.953           6.792           3.153
       403      4.653           4.662           5.628           5.071           6.909           3.049
       404      4.837           4.844           5.776           5.235           7.148           3.048
       405      4.832           4.840           5.729           5.212           8.129           2.489
       406      4.708           4.714           5.637           5.097           7.778           2.708
       407      4.638           4.650           5.621           5.064           7.899           2.585
       408      4.767           4.776           5.748           5.192           7.826           3.163
       409      4.618           4.627           5.629           5.057           7.748           3.011
       410      4.736           4.742           5.725           5.162           8.995           3.171
       411      4.656           4.661           5.640           5.076           8.239           3.885
       412      4.665           4.670           5.604           5.061           7.813           2.933
       413      4.522           4.534           5.487           4.943           8.124           3.388
       414      4.583           4.594           5.545           4.998           8.238           2.545
       415      4.723           4.729           5.660           5.135           8.059           2.882
       416      4.929           4.939           5.827           5.321           9.149           2.416
       417      4.916           4.926           5.814           5.304           8.557           2.553
       418      4.888           4.900           5.794           5.280           8.654           2.919
       419      4.543           4.548           5.514           4.961           8.215           3.221
       420      4.794           4.801           5.711           5.182           8.309           3.019
       421      4.531           4.543           5.524           4.959           9.008           3.337
       422      4.565           4.588           5.511           4.975           9.312           3.155
       423      4.618           4.637           5.580           5.036           8.310           2.932
       424      4.553           4.570           5.526           4.977           8.625           3.450
       425      4.712           4.723           5.672           5.128           8.312           3.137
       426      4.609           4.619           5.590           5.036           8.752           3.362
       427      4.741           4.752           5.694           5.156           8.936           3.090
       428      4.616           4.631           5.554           5.024           8.925           3.080
       429      4.585           4.588           5.567           5.010           9.259           2.914
       430      4.521           4.532           5.464           4.931           8.856           3.027
       431      4.682           4.696           5.575           5.062           8.473           3.429
       432      4.902           4.907           5.830           5.308           8.522           3.657
       433      4.662           4.669           5.566           5.048           8.362           3.035
       434      4.549           4.557           5.470           4.943           8.354           3.266
       435      4.484           4.490           5.458           4.905           8.037           2.700
       436      4.624           4.625           5.574           5.024           8.186           3.263
       437      4.565           4.573           5.539           4.988           9.302           3.329
       438      4.593           4.605           5.528           4.999           7.845           2.288
       439      4.742           4.751           5.648           5.131           8.840           3.214
       440      4.570           4.581           5.528           4.983           8.111           3.033
       441      4.606           4.625           5.556           5.018           7.641           2.660
       442      4.708           4.732           5.629           5.106           9.706           3.306
       443      4.715           4.726           5.640           5.117           8.896           2.773
       444      4.634           4.644           5.530           5.020           8.614           2.958
       445      4.524           4.534           5.455           4.926           8.801           3.141
       446      4.631           4.637           5.588           5.044           9.053           2.972
       447      4.478           4.490           5.424           4.888           9.368           2.890
       448      4.738           4.742           5.708           5.159           9.713           3.428
       449      4.532           4.540           5.511           4.952           8.863           3.149
       450      4.433           4.439           5.470           4.881           8.697           2.845
       451      4.673           4.682           5.631           5.089           9.244           2.893
       452      4.499           4.511           5.460           4.917           9.601           2.913
       453      4.765           4.779           5.670           5.148           9.415           2.580
       454      4.499           4.512           5.480           4.920           9.455           2.232
       455      4.473           4.482           5.410           4.875           9.573           3.123
       456      4.452           4.469           5.389           4.857           8.818           1.787
       457      4.580           4.586           5.539           4.987           9.412           3.100
       458      4.355           4.368           5.289           4.758           8.477           3.116
       459      4.526           4.537           5.454           4.927           9.460           3.371
       460      4.366           4.371           5.329           4.782           8.738           3.163
       461      4.361           4.368           5.300           4.760           9.114           3.184
       462      4.455           4.471           5.400           4.863           9.591           3.310
       463      4.559           4.569           5.454           4.938           9.537           3.763
       464      4.581           4.589           5.478           4.969           9.728           3.462
       465      4.599           4.606           5.517           4.995           9.571           3.387
       466      4.455           4.472           5.387           4.864           8.537           3.083
       467      4.575           4.580           5.501           4.978           8.894           3.178
       468      4.511           4.520           5.449           4.920           9.217           3.138
       469      4.427           4.440           5.366           4.836           9.044           3.379
       470      4.432           4.442           5.372           4.841           8.958           3.037
       471      4.645           4.657           5.544           5.037           9.489           3.503
       472      4.550           4.565           5.497           4.970           9.434           2.578
       473      4.496           4.512           5.435           4.909           9.415           2.743
       474      4.478           4.489           5.420           4.889           9.739           3.380
       475      4.452           4.460           5.410           4.872           9.578           3.272
       476      4.610           4.622           5.558           5.032           9.543           2.952
       477      4.487           4.495           5.466           4.913           9.724           2.879
       478      4.459           4.475           5.477           4.917           9.361           3.048
       479      4.490           4.499           5.463           4.922           9.854           3.057
       480      4.560           4.570           5.509           4.980           9.267           3.212
       481      4.324           4.337           5.329           4.763           8.658           2.960
       482      4.521           4.527           5.486           4.941           9.371           2.952
       483      4.647           4.655           5.580           5.049           9.410           3.187
       484      4.506           4.509           5.478           4.925           9.194           3.198
       485      4.546           4.555           5.517           4.971           9.445           2.969
       486      4.734           4.739           5.701           5.157           9.655           3.051
       487      4.470           4.475           5.415           4.875           8.547           2.306
       488      4.909           4.920           5.811           5.292           8.965           2.187
       489      4.583           4.594           5.550           5.004           9.187           2.644
       490      4.628           4.638           5.634           5.076           9.277           2.922
       491      4.511           4.518           5.508           4.952           9.171           2.833
       492      4.832           4.844           5.785           5.249           9.672           3.177
       493      4.707           4.718           5.674           5.123           8.972           2.862
       494      4.538           4.546           5.532           4.972          10.101           3.673
       495      4.495           4.506           5.490           4.928           9.307           2.858
       496      4.458           4.461           5.478           4.913           9.312           2.985
       497      4.677           4.687           5.654           5.107          10.011           3.412
       498      4.485           4.489           5.501           4.929           9.471           2.886
       499      4.485           4.494           5.506           4.941           9.701           3.388
       500      4.435           4.450           5.453           4.891          10.463           3.094
       501      4.436           4.452           5.442           4.885          10.456           3.168
