  Frame #         RMSD         rGyr      intraHB        MolSA         SASA          PSA
        0        0.000        7.293            2      919.603      526.698      451.947
        1        2.447        6.837            1      936.272      561.483      437.663
        2        3.321        7.081            0      922.018      578.673      452.075
        3        3.461        7.856            0      995.266      648.905      483.360
        4        3.421        8.022            0      985.167      589.278      475.509
        5        3.658        7.668            0      978.606      556.339      479.289
        6        3.489        7.637            0      987.105      510.390      491.950
        7        2.313        7.423            1      923.311      521.822      459.612
        8        3.066        7.010            2      899.232      479.377      437.271
        9        3.158        6.750            2      903.199      388.696      423.327
       10        3.256        6.917            3      901.531      391.005      427.613
       11        3.102        6.958            2      899.605      462.543      434.344
       12        2.964        6.760            2      887.640      401.042      434.923
       13        3.218        6.796            2      911.138      440.609      427.388
       14        2.944        6.492            1      884.550      455.056      415.855
       15        3.468        6.373            1      898.879      455.143      417.357
       16        3.283        6.418            2      897.537      473.857      394.047
       17        4.294        6.357            0      929.913      499.031      373.797
       18        4.233        6.243            0      914.140      535.142      376.965
       19        3.969        6.582            0      951.885      572.235      371.746
       20        3.705        6.308            0      903.258      526.128      351.627
       21        4.003        6.572            1      932.087      538.736      378.275
       22        4.093        6.340            0      903.495      502.702      394.228
       23        3.918        6.308            0      906.132      498.430      382.931
       24        4.014        6.499            0      929.795      485.476      379.900
       25        4.423        6.313            0      915.287      513.028      403.816
       26        4.160        6.322            0      915.803      469.718      367.489
       27        4.049        6.395            0      928.197      540.495      386.160
       28        4.166        6.343            0      904.495      517.430      377.392
       29        4.655        6.110            1      889.750      587.282      344.239
       30        4.260        6.369            1      917.229      600.665      374.373
       31        2.918        6.316            1      895.061      570.559      403.912
       32        3.473        6.469            2      934.286      642.095      400.079
       33        3.307        6.384            2      916.359      582.435      409.402
       34        4.245        6.579            1      922.198      584.367      369.717
       35        4.703        7.092            1      938.788      638.586      393.862
       36        4.836        6.736            0      914.573      650.687      401.693
       37        4.744        6.814            0      938.502      655.609      407.020
       38        4.120        6.754            1      934.150      701.947      414.874
       39        4.443        6.317            0      906.523      661.849      386.357
       40        3.870        6.291            2      935.726      735.039      372.715
       41        4.291        6.109            1      886.704      690.144      380.724
       42        4.012        5.999            1      881.063      700.551      347.021
       43        4.258        5.999            1      859.081      659.590      349.323
       44        4.044        6.217            1      916.898      805.537      384.221
       45        4.192        5.992            1      883.159      675.788      356.480
       46        4.014        5.841            3      828.033      710.382      354.530
       47        4.162        5.934            2      834.015      756.893      345.810
       48        4.336        6.164            2      841.116      662.879      371.406
       49        3.755        6.386            1      899.749      822.141      387.354
       50        3.940        6.156            4      860.835      770.557      345.574
       51        4.097        6.151            2      850.750      738.196      353.789
       52        4.186        6.488            0      864.122      751.751      398.277
       53        3.938        6.437            1      893.053      684.231      386.160
       54        4.068        6.386            1      868.313      688.788      397.257
       55        4.089        6.207            3      853.804      608.582      375.934
       56        3.896        6.112            3      861.286      651.211      350.346
       57        4.371        6.716            0      902.613      696.769      401.317
       58        4.503        6.519            1      859.479      652.459      389.348
       59        5.181        6.487            0      874.788      705.978      409.942
       60        4.676        6.167            0      844.830      649.533      351.747
       61        4.780        6.361            0      864.853      699.072      386.995
       62        4.098        6.795            0      888.392      724.785      380.481
       63        4.849        6.925            0      953.180      768.149      432.446
       64        3.333        7.032            0      927.115      740.606      453.395
       65        1.914        6.945            1      884.531      762.870      455.880
       66        4.283        7.251            0      932.581      776.430      426.094
       67        3.545        6.578            0      865.164      675.147      434.684
       68        3.436        7.011            0      891.282      734.418      429.467
       69        3.771        6.704            0      883.567      767.510      421.581
       70        3.678        6.374            0      857.905      619.777      387.558
       71        3.833        6.798            0      895.972      678.481      423.405
       72        4.370        6.969            1      874.688      678.977      436.921
       73        4.050        6.611            0      865.773      664.370      411.460
       74        5.125        6.352            2      833.939      562.332      359.649
       75        4.871        6.715            0      874.521      624.236      383.195
       76        5.179        6.364            1      883.743      595.910      382.441
       77        5.169        6.787            0      916.958      623.359      406.115
       78        5.169        6.838            0      867.438      605.381      398.019
       79        5.031        7.134            0      931.759      712.438      458.399
       80        5.432        6.850            0      907.135      657.438      407.211
       81        4.995        6.851            1      906.481      634.374      396.313
       82        4.571        6.914            2      895.311      676.631      451.510
       83        4.446        7.036            0      902.151      648.107      449.689
       84        4.501        6.750            0      882.887      628.487      445.022
       85        4.774        7.075            1      892.525      599.320      459.412
       86        4.642        6.832            1      882.486      619.549      451.441
       87        4.449        6.913            2      911.507      657.195      450.485
       88        4.106        6.914            3      909.692      650.004      449.557
       89        4.170        6.724            2      893.541      691.031      434.125
       90        4.077        6.688            4      888.425      701.149      407.953
       91        4.145        6.787            1      902.433      667.881      418.203
       92        4.132        6.873            2      896.091      638.138      426.630
       93        4.057        6.733            3      910.316      692.401      429.794
       94        4.246        7.436            2      914.065      699.174      449.583
       95        3.635        6.961            3      883.036      606.746      406.783
       96        3.980        6.826            3      886.957      722.122      423.901
       97        3.563        7.119            3      903.252      850.851      429.621
       98        4.070        6.761            3      887.104      825.027      403.319
       99        3.530        7.092            2      924.421      871.694      472.604
      100        3.557        6.763            1      899.183      789.180      408.794
      101        4.622        7.549            1      942.692      937.280      468.359
      102        4.461        7.711            1      965.673      863.263      453.598
      103        4.426        8.301            0      946.007      802.699      481.878
      104        4.110        7.363            1      901.286      773.519      429.448
      105        4.548        7.590            2      922.946      795.071      423.434
      106        4.501        7.191            1      881.296      722.202      410.937
      107        4.399        7.174            0      920.558      817.040      447.435
      108        4.601        7.590            1      925.962      757.753      458.490
      109        5.302        7.653            2      906.735      728.643      457.696
      110        5.109        7.845            1      934.688      847.428      465.392
      111        4.936        7.146            0      966.087      955.742      478.001
      112        5.125        7.222            1      913.559      788.216      448.826
      113        4.599        7.016            0      914.547      818.673      482.350
      114        5.126        7.268            0      896.794      793.699      462.408
      115        4.497        6.770            2      918.406      795.363      424.595
      116        4.573        6.874            0      912.768      714.237      435.494
      117        4.503        6.905            0      914.406      797.738      470.194
      118        4.509        6.502            0      868.524      700.429      399.157
      119        4.494        6.717            0      904.857      768.017      428.686
      120        4.100        6.934            1      885.007      783.112      442.746
      121        4.548        6.996            0      911.515      804.712      465.773
      122        5.057        6.826            0      911.089      784.244      440.862
      123        5.072        6.549            0      850.026      741.989      425.889
      124        5.012        6.724            0      901.045      763.958      445.861
      125        5.212        6.630            0      880.546      753.271      428.160
      126        5.310        6.721            0      860.824      777.130      446.726
      127        5.145        7.008            0      918.510      869.445      453.873
      128        4.804        6.564            0      889.887      753.688      419.744
      129        4.919        6.593            1      869.449      786.495      457.167
      130        5.190        6.884            0      909.859      749.390      444.274
      131        5.164        6.680            0      895.840      753.024      449.635
      132        5.019        6.817            0      876.827      794.476      444.361
      133        5.000        6.785            0      913.714      804.100      464.352
      134        5.148        6.756            0      893.422      799.947      450.102
      135        5.017        6.644            1      871.888      772.208      436.939
      136        5.037        6.551            0      897.862      765.085      413.681
      137        5.217        6.631            1      861.658      756.748      410.716
      138        5.173        6.751            0      894.152      761.310      438.733
      139        4.954        6.811            1      890.360      820.736      441.140
      140        5.180        6.452            1      864.750      738.425      411.596
      141        4.971        6.701            0      877.266      782.288      456.351
      142        5.229        7.066            0      870.776      791.383      458.907
      143        5.055        6.801            0      885.607      712.079      449.323
      144        5.025        6.637            0      876.814      778.154      428.151
      145        5.056        6.874            0      900.215      743.502      436.048
      146        4.957        6.886            0      904.154      755.839      462.578
      147        4.950        6.543            0      883.075      680.873      381.881
      148        4.774        6.607            1      919.329      748.625      450.377
      149        4.959        7.114            0      929.584      809.867      491.891
      150        5.108        7.029            0      912.706      761.311      472.555
      151        4.947        6.575            1      866.896      702.145      392.747
      152        4.803        6.517            0      880.839      730.770      403.877
      153        5.255        6.858            1      900.707      743.830      417.271
      154        5.086        7.800            0      938.805      948.723      485.095
      155        4.452        7.637            1      932.862      938.996      471.053
      156        3.124        6.657            0      901.684      825.959      461.357
      157        3.163        6.518            1      871.518      780.754      432.420
      158        2.926        6.432            1      860.622      780.454      432.057
      159        2.895        6.666            0      876.454      748.628      456.383
      160        2.152        6.583            0      886.731      778.519      450.207
      161        2.772        6.734            0      880.153      805.060      453.485
      162        2.151        6.809            0      870.259      820.502      462.960
      163        2.112        6.553            3      885.870      798.204      432.503
      164        2.047        6.389            2      851.732      744.381      431.874
      165        2.104        6.722            2      859.384      746.560      446.507
      166        2.353        6.937            2      854.107      775.366      429.872
      167        2.035        6.409            1      871.684      695.756      458.107
      168        2.026        6.676            1      889.298      745.834      441.207
      169        1.990        6.520            0      858.879      728.744      427.494
      170        2.418        6.818            2      882.669      822.233      448.750
      171        2.310        6.327            1      855.871      766.605      436.243
      172        2.051        6.418            1      857.972      740.146      434.354
      173        2.221        6.324            2      860.368      796.655      425.210
      174        2.585        6.732            2      888.843      850.943      455.077
      175        2.553        6.523            1      861.058      753.881      431.747
      176        1.915        6.565            2      845.577      730.752      432.113
      177        2.657        6.446            1      860.084      799.743      427.851
      178        2.063        6.348            1      866.088      683.599      432.370
      179        2.587        6.535            0      879.951      791.971      428.033
      180        2.866        6.376            0      869.970      776.503      427.302
      181        2.280        6.423            1      859.820      767.396      413.640
      182        2.771        6.260            1      848.972      722.074      385.745
      183        2.338        6.616            1      872.191      711.577      407.667
      184        2.711        6.378            1      841.562      705.226      401.507
      185        2.117        6.225            2      842.484      721.466      421.118
      186        2.056        6.404            0      852.589      738.578      439.963
      187        2.065        6.407            2      860.093      724.208      432.516
      188        1.988        6.377            1      862.516      723.889      433.585
      189        2.329        6.716            1      875.720      826.123      451.316
      190        2.207        6.459            1      845.105      773.672      429.295
      191        2.754        6.623            1      858.206      814.709      430.011
      192        2.126        6.399            0      856.233      782.032      439.070
      193        2.204        6.506            2      866.953      849.073      447.655
      194        2.337        6.456            1      850.947      778.232      448.520
      195        2.477        6.314            2      839.583      782.231      422.016
      196        2.146        6.446            3      868.254      751.086      418.730
      197        2.882        6.476            0      871.880      796.395      450.016
      198        2.007        6.420            2      870.703      790.880      456.923
      199        2.274        6.385            1      857.025      749.527      439.468
      200        2.355        6.662            1      866.854      746.541      438.457
      201        2.408        6.193            1      827.401      716.151      416.101
      202        2.104        6.326            2      876.373      755.523      408.879
      203        2.268        6.307            3      835.380      680.292      390.239
      204        2.167        6.396            2      844.666      751.856      437.418
      205        2.339        6.535            1      863.405      813.721      450.379
      206        2.257        6.256            1      861.472      712.040      397.344
      207        2.628        6.641            1      863.770      738.138      429.698
      208        2.434        6.819            2      871.274      717.759      422.479
      209        2.379        6.777            1      861.172      738.803      426.587
      210        2.077        6.752            1      858.444      712.443      436.960
      211        2.014        6.974            2      857.640      702.089      419.027
      212        2.189        6.815            1      878.048      761.417      448.697
      213        2.258        6.471            0      847.043      737.568      399.858
      214        2.767        6.720            2      874.541      797.556      420.000
      215        2.845        7.025            0      891.637      855.772      452.534
      216        2.405        6.401            2      861.073      804.947      430.645
      217        2.283        6.718            1      892.594      808.345      450.477
      218        2.281        6.889            1      885.821      727.256      455.722
      219        2.786        6.936            0      895.237      799.041      459.970
      220        2.142        6.766            0      897.820      820.487      464.902
      221        2.132        6.686            2      844.787      693.432      424.921
      222        2.048        6.792            2      859.519      638.539      427.112
      223        2.977        6.496            0      862.481      764.162      426.357
      224        2.240        6.712            1      863.885      714.360      429.371
      225        2.500        6.925            1      925.981      812.200      427.782
      226        2.157        6.642            0      873.416      762.817      456.909
      227        2.538        6.647            1      844.677      770.811      455.861
      228        2.376        6.917            1      845.199      748.778      457.020
      229        2.502        6.903            1      853.397      776.304      452.981
      230        2.577        6.830            0      837.665      768.230      448.689
      231        2.444        7.093            1      866.936      741.908      450.598
      232        2.668        6.887            1      823.493      695.799      427.713
      233        2.392        6.960            1      859.416      774.163      432.865
      234        2.728        6.680            0      840.008      785.678      451.630
      235        2.607        6.629            2      851.409      784.560      450.578
      236        2.936        6.658            1      847.031      771.236      434.837
      237        3.998        6.322            2      848.106      818.974      443.946
      238        3.022        6.226            2      849.809      813.271      456.986
      239        3.041        6.496            1      846.590      788.857      448.226
      240        3.125        6.526            2      861.178      812.197      428.646
      241        2.914        6.556            1      863.486      837.016      437.419
      242        2.338        6.978            2      863.476      848.802      423.285
      243        2.155        6.846            1      843.640      733.473      429.770
      244        2.084        6.825            2      846.238      771.983      418.485
      245        2.191        6.759            2      859.971      783.088      439.647
      246        2.036        7.052            2      863.907      788.053      438.064
      247        2.144        6.812            2      862.195      752.854      434.958
      248        2.311        6.698            2      846.946      783.710      432.784
      249        2.189        6.808            2      840.958      698.400      440.933
      250        2.074        6.758            2      831.412      737.776      431.555
      251        2.058        6.925            1      861.803      728.509      425.408
      252        2.034        6.768            2      850.983      713.009      421.461
      253        2.257        6.714            2      844.242      687.139      429.531
      254        2.559        7.225            2      884.009      845.616      448.219
      255        2.016        6.711            2      858.304      738.378      440.921
      256        1.994        6.814            1      858.159      701.102      429.773
      257        2.117        6.694            2      847.746      728.398      435.598
      258        2.630        7.012            0      862.422      709.027      432.451
      259        2.032        6.777            2      844.890      678.806      436.396
      260        2.159        6.717            1      869.535      726.632      422.831
      261        2.141        6.860            1      865.300      725.779      452.863
      262        2.251        7.056            1      871.195      756.826      429.219
      263        2.682        6.717            2      858.893      752.751      430.445
      264        2.306        6.804            1      839.443      660.693      433.861
      265        2.120        6.868            0      864.212      717.687      472.787
      266        2.040        6.485            0      839.197      693.926      441.163
      267        2.732        6.885            1      892.518      864.999      466.106
      268        2.789        6.534            2      880.613      735.984      435.839
      269        3.122        6.593            2      880.672      839.133      464.461
      270        3.146        6.783            1      916.917      850.633      471.708
      271        2.960        7.304            2      934.461      840.080      491.044
      272        2.173        7.057            2      894.407      795.744      475.427
      273        2.362        7.186            2      894.028      777.403      460.789
      274        1.932        6.916            1      850.260      709.447      422.535
      275        2.161        6.726            2      857.675      683.769      440.353
      276        2.072        6.901            2      857.183      757.720      432.511
      277        2.192        6.803            1      865.581      827.608      428.435
      278        2.604        6.791            1      869.347      803.331      437.093
      279        2.072        6.746            1      858.366      766.652      436.075
      280        1.945        6.783            2      856.278      746.707      435.238
      281        2.096        6.878            2      861.128      752.459      439.642
      282        2.188        6.360            2      840.054      714.220      416.738
      283        2.178        6.556            1      859.650      728.733      426.241
      284        2.009        6.348            0      842.601      705.488      431.011
      285        2.166        6.667            2      845.963      740.212      431.768
      286        2.125        6.740            1      864.022      767.365      438.167
      287        2.158        7.029            2      862.364      768.900      443.387
      288        2.301        6.818            1      854.411      740.589      444.980
      289        2.537        6.908            2      859.287      687.448      429.880
      290        2.178        6.649            1      854.325      697.040      442.595
      291        2.165        6.868            0      851.370      771.138      438.394
      292        2.376        6.853            1      867.768      808.386      447.743
      293        2.100        6.713            1      861.733      755.221      438.661
      294        2.513        6.736            2      838.870      697.547      423.723
      295        2.255        7.037            2      874.749      741.015      421.860
      296        2.071        6.872            2      849.695      787.626      427.045
      297        2.242        6.988            2      861.279      806.329      443.513
      298        2.636        6.920            1      867.023      826.382      444.055
      299        2.268        6.989            1      849.402      713.979      413.501
      300        2.025        6.729            2      843.956      752.454      426.360
      301        2.285        6.752            1      841.694      718.078      418.706
      302        2.084        6.997            1      865.670      709.487      425.128
      303        2.113        6.880            1      857.489      679.432      430.526
      304        2.340        6.789            2      858.418      705.791      430.422
      305        2.173        6.956            2      863.875      667.387      439.318
      306        1.945        6.838            1      864.661      760.211      438.395
      307        2.227        6.654            1      853.926      745.386      428.167
      308        2.072        6.518            2      855.903      681.773      421.089
      309        2.241        6.634            1      860.121      726.183      432.082
      310        2.096        6.493            2      847.504      743.708      435.591
      311        2.121        6.528            0      865.129      802.974      430.270
      312        2.199        6.601            1      863.817      800.625      440.155
      313        2.945        6.615            2      869.136      814.916      437.591
      314        2.414        6.527            2      862.891      758.584      417.078
      315        2.029        6.185            1      849.666      768.731      381.063
      316        2.278        6.232            0      875.067      785.205      372.992
      317        2.463        5.988            2      819.807      731.193      350.229
      318        2.329        6.336            2      852.108      766.355      364.069
      319        2.005        6.228            1      800.288      713.065      367.180
      320        2.562        6.102            1      810.482      699.453      368.541
      321        2.529        6.165            2      810.199      688.171      349.728
      322        2.104        6.114            1      801.693      677.058      356.914
      323        2.092        6.266            1      825.771      744.493      385.797
      324        2.131        6.480            0      858.465      749.495      367.637
      325        2.070        6.131            2      813.095      732.936      348.800
      326        2.075        6.114            0      796.593      683.521      354.551
      327        2.094        6.127            2      801.684      680.640      357.876
      328        2.574        6.208            1      828.913      765.449      355.534
      329        2.079        6.213            2      833.125      686.064      356.231
      330        2.366        6.237            1      823.258      751.839      371.009
      331        2.307        6.219            1      823.951      769.804      359.232
      332        2.149        6.164            1      837.754      689.536      361.017
      333        2.115        6.137            0      809.257      706.178      343.013
      334        2.820        6.143            1      831.747      715.575      350.657
      335        2.265        6.107            1      809.350      692.819      355.003
      336        2.103        6.239            1      828.471      720.549      354.424
      337        2.566        6.130            2      821.747      724.447      349.476
      338        2.561        6.127            2      826.725      775.068      365.406
      339        2.286        6.222            1      826.566      721.840      379.684
      340        2.487        6.526            1      849.565      863.366      397.131
      341        2.335        6.197            1      808.288      720.946      373.041
      342        2.532        6.289            2      833.411      755.686      362.634
      343        2.246        6.315            1      823.458      733.787      374.943
      344        2.101        6.149            1      818.516      775.700      364.272
      345        2.371        6.405            0      839.628      758.396      386.408
      346        2.405        6.244            2      812.505      686.341      372.209
      347        2.758        6.258            2      837.256      759.342      351.096
      348        2.404        6.173            0      844.257      752.002      369.049
      349        2.644        6.220            0      816.971      733.513      359.258
      350        2.542        6.303            0      840.639      761.470      363.746
      351        2.528        6.185            0      830.513      770.401      363.796
      352        2.745        6.534            1      853.569      794.916      394.318
      353        3.087        6.677            1      879.914      823.135      384.180
      354        2.781        6.924            1      897.977      805.879      386.022
      355        3.480        6.581            1      869.087      831.992      370.899
      356        3.447        6.455            1      866.728      743.432      360.326
      357        4.339        6.276            1      848.026      698.577      367.129
      358        3.820        6.502            0      890.155      757.396      364.782
      359        4.503        6.693            0      864.799      716.550      398.550
      360        4.689        6.587            2      855.387      682.472      368.190
      361        4.928        6.896            0      883.279      687.329      365.868
      362        4.642        7.190            1      887.334      721.589      378.382
      363        4.253        6.756            0      891.504      741.599      365.657
      364        4.282        6.608            0      867.719      751.418      389.708
      365        3.512        6.265            1      838.391      725.236      365.970
      366        3.856        6.226            2      821.014      679.669      342.126
      367        2.678        6.431            1      829.290      683.331      385.371
      368        3.014        6.450            1      880.722      683.582      407.560
      369        3.380        6.787            0      891.044      694.053      388.040
      370        3.245        6.777            0      877.178      726.518      408.467
      371        3.245        6.723            1      878.145      701.812      375.565
      372        3.727        6.738            1      908.960      759.607      377.601
      373        3.356        6.694            0      867.853      677.668      385.251
      374        3.085        6.706            1      856.743      682.198      359.823
      375        3.352        6.609            1      864.833      699.695      382.770
      376        3.541        6.772            0      883.177      709.051      392.547
      377        4.012        6.728            1      896.112      694.616      398.450
      378        3.966        6.788            0      876.806      716.389      384.484
      379        3.675        6.873            0      867.271      771.722      402.394
      380        3.844        7.144            0      890.574      749.483      394.841
      381        3.410        6.883            0      882.631      770.416      394.708
      382        3.630        7.000            0      879.280      751.027      402.605
      383        3.615        6.947            0      882.244      689.548      388.819
      384        3.157        6.589            0      835.390      641.335      360.116
      385        3.780        6.589            1      889.212      765.827      364.050
      386        3.479        6.328            1      837.818      689.262      366.698
      387        3.239        6.609            0      893.092      760.314      393.664
      388        3.645        7.079            0      879.738      726.292      422.978
      389        3.871        6.778            1      895.595      747.266      391.452
      390        4.192        6.649            0      890.375      735.160      378.355
      391        3.972        6.297            2      861.656      721.277      368.339
      392        3.974        6.380            1      870.259      741.550      378.397
      393        3.817        6.651            1      861.458      695.812      365.930
      394        3.912        6.832            0      864.752      744.325      371.724
      395        4.082        7.085            1      869.848      747.111      381.435
      396        5.090        7.361            0      883.450      759.058      402.966
      397        5.083        7.008            0      864.995      759.255      396.061
      398        4.922        6.927            1      846.011      681.453      381.078
      399        5.036        6.771            1      870.678      712.608      378.723
      400        5.127        7.010            1      880.272      836.468      381.544
      401        4.959        7.327            0      894.626      792.224      397.479
      402        4.608        7.369            0      909.520      792.847      394.504
      403        4.916        7.145            0      853.746      775.697      357.130
      404        5.352        7.210            1      857.185      755.056      354.797
      405        5.110        7.123            0      889.995      872.651      373.244
      406        5.178        7.356            0      893.037      829.331      361.503
      407        5.170        7.516            0      903.168      771.469      397.128
      408        5.208        7.348            0      868.953      728.458      391.935
      409        5.398        7.304            0      904.852      848.054      393.996
      410        4.790        7.418            0      875.648      736.710      353.669
      411        4.509        7.572            0      889.831      830.995      415.512
      412        4.612        7.402            1      883.854      784.166      404.724
      413        4.775        7.338            0      865.345      761.909      369.982
      414        5.045        6.901            1      859.321      741.448      391.135
      415        5.045        7.066            0      875.820      844.885      380.503
      416        5.055        6.724            0      867.437      780.719      392.325
      417        4.559        6.631            1      834.598      704.124      348.595
      418        4.635        6.978            0      872.364      752.337      388.479
      419        4.445        6.862            0      863.149      811.164      381.595
      420        4.859        6.891            1      876.017      777.565      379.153
      421        4.893        7.106            0      875.352      727.217      402.232
      422        4.785        6.880            0      851.035      729.377      376.970
      423        4.635        6.969            0      848.444      703.019      397.973
      424        4.605        7.270            0      900.281      816.075      412.495
      425        4.913        6.696            0      845.842      678.220      399.347
      426        4.742        7.449            0      921.063      841.664      459.236
      427        4.751        7.381            0      907.989      823.726      418.656
      428        4.838        6.990            1      898.728      815.622      443.903
      429        5.090        6.643            1      873.423      808.690      409.062
      430        4.657        6.862            0      907.740      830.948      431.144
      431        4.645        7.078            0      919.373      787.085      458.392
      432        4.583        7.039            2      892.948      791.131      415.511
      433        4.056        6.534            1      853.715      798.282      382.862
      434        4.117        6.706            1      866.100      719.657      405.802
      435        3.995        6.627            1      857.598      707.641      407.325
      436        3.955        6.924            0      874.714      737.953      389.685
      437        4.253        7.099            0      889.890      748.299      415.419
      438        3.489        7.191            1      882.496      752.853      410.225
      439        3.709        6.904            1      906.679      770.255      410.610
      440        3.653        6.868            1      888.824      827.665      427.496
      441        4.150        6.251            1      850.071      748.582      379.894
      442        3.824        7.373            0      897.490      813.624      435.593
      443        3.902        7.001            2      908.223      812.817      361.297
      444        3.778        6.720            0      858.777      694.768      391.745
      445        3.609        7.111            1      878.083      696.936      412.012
      446        4.148        7.250            1      890.968      808.350      420.611
      447        3.903        7.136            1      889.682      830.055      411.745
      448        3.586        7.231            1      911.020      823.264      392.588
      449        4.022        7.161            2      883.613      801.082      399.769
      450        4.055        6.545            1      852.651      776.373      399.050
      451        3.937        6.389            2      851.020      762.773      354.839
      452        3.966        6.889            1      894.681      840.061      422.474
      453        3.944        6.031            2      800.907      770.597      309.763
      454        4.015        6.568            2      868.583      921.848      357.925
      455        3.595        7.118            3      868.900      859.238      405.761
      456        3.468        6.825            2      844.687      797.340      372.676
      457        3.379        6.681            1      841.434      834.781      390.725
      458        3.959        6.873            2      866.954      717.325      384.991
      459        4.291        6.707            1      874.274      744.856      446.105
      460        4.577        7.238            1      880.705      712.399      415.802
      461        4.425        7.051            1      928.253      839.334      445.080
      462        3.872        7.019            2      893.914      789.682      425.502
      463        4.578        6.866            1      912.841      795.908      445.937
      464        4.173        7.118            1      898.868      791.556      409.254
      465        4.442        7.909            1      928.075      936.769      455.991
      466        4.391        7.167            1      917.918      953.914      451.171
      467        4.510        7.088            2      869.804      767.973      412.882
      468        4.616        7.367            0      892.344      825.398      468.024
      469        3.007        7.175            0      910.442      784.361      458.845
      470        3.228        7.047            2      893.749      692.048      412.416
      471        3.376        7.054            2      905.460      757.882      408.049
      472        3.673        6.774            1      895.471      765.894      416.630
      473        3.086        6.984            1      897.333      697.087      407.772
      474        3.037        6.985            1      905.279      697.466      408.079
      475        3.113        6.816            2      869.679      710.919      423.261
      476        3.255        6.908            2      895.408      730.286      418.144
      477        3.738        6.560            1      902.200      766.480      424.836
      478        3.859        6.788            1      908.128      793.819      457.074
      479        3.591        6.359            2      897.245      692.786      407.057
      480        3.819        6.108            3      861.049      733.662      351.689
      481        3.907        6.796            3      873.369      760.730      433.554
      482        3.474        6.450            1      867.018      741.383      415.865
      483        3.958        6.714            2      894.053      823.135      442.426
      484        3.844        6.626            2      888.718      808.042      436.690
      485        3.452        6.491            2      874.205      731.416      417.393
      486        3.841        6.541            2      871.711      737.357      434.559
      487        3.837        6.217            2      837.511      776.168      401.067
      488        3.608        6.837            2      872.018      750.186      415.643
      489        3.427        6.607            1      882.975      743.581      397.983
      490        3.698        6.471            2      869.083      705.355      406.907
      491        3.828        6.765            1      870.669      683.933      425.157
      492        3.716        6.985            2      891.778      744.010      434.181
      493        3.537        6.904            1      939.581      731.494      423.711
      494        3.636        7.368            2      880.734      725.577      427.589
      495        3.570        7.517            3      901.597      789.074      427.633
      496        3.889        7.624            2      884.705      828.219      429.412
      497        3.661        7.096            2      864.359      704.656      424.792
      498        3.799        6.963            1      863.922      703.543      415.324
      499        3.867        6.644            2      832.638      715.242      389.590
      500        3.997        7.274            1      897.544      851.457      433.146
      501        3.946        7.088            1      899.580      855.727      434.720
