   # Atom# PDBResName  wrt_Protein   wrt_Ligand 
         1                   8.281        5.329
         2                   7.700        4.516
         3                   7.618        4.673
         4                   7.578        4.074
         5                   7.343        3.715
         6                   6.605        2.736
         7                   6.769        2.954
         8                   8.010        4.407
         9                   6.108        2.288
        10                   5.706        2.025
        11                   5.504        1.726
        12                   5.705        2.397
        13                   5.784        2.980
        14                   5.441        1.572
        15                   5.594        2.152
        16                   5.068        1.789
        17                   4.940        1.720
        18                   4.960        1.990
        19                   4.700        2.117
        20                   4.184        1.774
        21                   4.265        2.150
        22                   4.879        2.437
        23                   5.155        3.093
        24                   5.614        3.736
        25                   5.924        4.430
        26                   3.856        1.431
        27                   3.390        1.266
        28                   3.255        1.146
        29                   3.568        1.355
        30                   2.953        1.126
        31                   3.019        1.397
        32                   3.129        1.610
        33                   3.540        2.058
        34                   3.408        1.628
        35                   3.441        1.703
        36                   3.400        2.120
        37                   3.799        1.850
        38                   3.595        2.447
        39                   3.983        2.144
        40                   3.829        2.357
        41                   2.940        1.465
        42                   3.132        1.794
        43                   3.064        1.872
        44                   3.324        2.239
        45                   3.255        2.098
        46                   3.549        1.970
        47                   4.058        2.342
        48                   3.836        2.398
        49                   4.703        2.856
        50                   4.437        2.824
        51                   4.820        2.965
        52                   2.846        1.698
        53                   2.911        1.894
        54                   2.806        1.778
        55                   3.009        2.061
        56                   2.698        1.568
        57                   2.783        1.627
        58                   2.746        1.137
        59                   2.770        1.289
        60                   3.277        2.274
        61                   3.040        1.132
        62                   3.537        1.391
        63                   3.755        1.868
        64                   4.122        2.335
        65                   3.714        1.590
        66                   4.027        1.866
        67                   4.544        2.369
        68                   4.883        2.853
        69                   5.576        3.684
        70                   6.152        4.449
        71                   5.994        4.125
        72                   3.874        2.271
        73                   4.454        3.063
