  Frame #         RMSD         rGyr      intraHB        MolSA         SASA          PSA
        0        0.000        6.659            2      876.352      567.112      464.988
        1        1.808        6.939            2      874.296      479.203      460.694
        2        1.901        6.810            4      877.430      490.964      447.073
        3        3.065        6.828            4      831.767      476.365      452.710
        4        3.282        6.613            3      828.176      475.742      433.597
        5        3.542        6.598            3      827.602      435.199      408.122
        6        3.485        6.737            2      840.853      462.894      438.780
        7        3.394        6.642            3      836.184      498.232      438.727
        8        3.308        6.846            4      842.381      542.301      421.062
        9        3.349        6.849            4      846.348      513.636      418.792
       10        3.650        6.700            4      825.176      526.339      405.958
       11        3.631        6.652            3      845.806      559.515      432.588
       12        4.876        6.475            3      809.445      664.084      455.177
       13        4.530        6.390            3      793.345      529.438      445.250
       14        4.541        6.506            3      812.254      535.373      456.626
       15        4.995        6.432            1      794.809      512.182      417.610
       16        4.780        6.691            3      832.436      647.362      495.204
       17        4.265        6.673            2      846.875      630.862      455.119
       18        4.442        6.378            4      821.047      672.864      440.429
       19        4.472        6.624            3      842.792      615.919      484.518
       20        4.638        6.653            4      856.450      754.759      471.357
       21        4.678        6.291            3      827.837      713.414      458.604
       22        4.668        6.449            3      832.643      734.567      440.110
       23        4.129        6.564            4      816.667      643.454      430.138
       24        3.800        6.491            3      821.916      678.591      429.350
       25        4.485        6.662            3      838.116      760.164      460.152
       26        4.201        6.793            2      839.289      777.238      453.881
       27        4.661        6.549            2      828.207      777.365      458.558
       28        4.250        6.635            3      844.045      693.623      478.070
       29        4.255        6.632            3      827.190      716.453      450.149
       30        3.770        6.551            4      850.735      771.461      466.307
       31        4.040        6.630            3      847.920      746.395      437.041
       32        4.210        6.948            3      859.421      728.293      461.750
       33        4.016        6.477            3      823.533      683.487      451.591
       34        3.968        6.438            2      835.686      707.290      450.274
       35        4.571        6.485            3      815.452      620.347      482.961
       36        4.680        6.496            4      821.336      675.301      463.939
       37        4.744        6.539            3      831.805      648.317      444.974
       38        5.005        6.645            3      832.182      685.851      459.675
       39        4.871        6.518            3      833.575      609.000      440.915
       40        4.428        6.299            3      809.962      648.615      437.062
       41        4.337        6.812            4      837.177      651.064      428.896
       42        4.095        6.777            3      860.088      690.990      459.829
       43        4.087        6.133            3      788.277      598.753      444.489
       44        4.270        6.110            4      785.241      574.093      444.012
       45        4.585        6.144            4      791.783      627.064      429.600
       46        4.039        6.509            4      842.976      691.880      434.714
       47        4.325        6.323            4      814.679      587.752      445.525
       48        4.197        6.190            4      768.829      550.382      398.419
       49        4.186        6.141            4      777.940      491.907      433.081
       50        4.279        6.266            4      804.195      582.749      424.008
       51        4.402        6.393            3      812.114      565.875      441.580
       52        4.149        6.311            4      813.686      558.843      426.494
       53        4.141        6.155            5      789.839      564.002      421.593
       54        3.965        6.157            5      790.915      545.596      415.706
       55        4.140        6.099            4      766.952      470.857      417.939
       56        4.078        6.030            4      762.420      604.816      409.916
       57        4.017        6.217            4      811.244      589.908      412.754
       58        4.317        6.128            4      785.869      580.964      411.392
       59        4.266        5.991            5      773.060      562.189      400.275
       60        4.244        6.064            5      778.375      519.539      408.869
       61        4.359        6.058            4      767.393      490.614      410.015
       62        4.283        6.422            4      830.737      557.092      443.760
       63        4.370        6.308            3      819.075      555.313      419.155
       64        4.406        6.235            1      809.999      598.546      466.100
       65        4.285        6.468            0      845.449      568.562      458.319
       66        4.125        6.228            3      783.899      580.998      419.786
       67        4.077        6.043            4      779.900      594.404      435.482
       68        4.091        6.129            4      784.854      540.786      428.665
       69        4.305        6.124            3      779.288      558.109      403.763
       70        4.270        6.087            3      786.511      527.829      423.676
       71        4.067        6.052            4      782.519      635.863      421.920
       72        4.212        6.272            4      811.429      656.846      416.192
       73        4.304        6.093            4      777.707      618.446      417.971
       74        4.246        6.080            2      771.460      589.480      394.647
       75        4.064        6.064            4      768.396      531.327      419.487
       76        4.144        6.155            4      786.901      591.100      426.313
       77        4.158        6.070            5      769.780      542.000      409.441
       78        4.126        6.072            4      790.208      625.073      421.436
       79        4.137        6.184            4      791.560      593.932      413.230
       80        4.309        6.197            5      795.822      592.739      418.441
       81        4.154        6.035            4      768.282      525.776      409.485
       82        4.105        6.094            5      762.575      517.389      400.958
       83        4.119        6.103            5      769.637      512.940      422.803
       84        4.156        6.193            5      787.495      551.526      409.216
       85        4.344        6.130            3      773.536      526.616      403.233
       86        4.395        6.229            3      800.830      642.840      403.953
       87        4.370        6.492            3      820.059      708.681      419.942
       88        4.366        6.231            5      784.014      645.158      380.007
       89        4.056        6.357            4      800.459      630.453      392.833
       90        4.181        6.262            4      783.532      552.833      424.875
       91        4.467        6.448            3      815.240      588.660      430.504
       92        4.485        6.298            3      796.747      531.952      425.863
       93        4.110        6.349            4      795.900      541.648      403.501
       94        4.231        6.351            3      809.286      576.882      405.055
       95        4.324        6.352            2      800.113      548.515      426.196
       96        4.357        6.202            3      787.249      515.940      433.846
       97        4.147        6.054            5      769.647      522.804      413.575
       98        4.198        6.203            4      787.570      563.038      421.749
       99        4.202        6.105            5      788.898      544.634      416.418
      100        4.228        6.065            4      766.184      509.723      406.105
      101        4.219        6.183            4      780.081      561.987      422.830
      102        4.218        5.994            4      761.471      551.486      399.900
      103        4.181        6.093            4      791.312      537.014      416.373
      104        4.075        6.191            4      804.686      637.711      402.377
      105        4.254        6.129            3      762.306      572.337      404.525
      106        4.373        6.254            3      793.423      661.273      447.212
      107        4.714        6.049            4      760.683      667.966      415.177
      108        4.662        6.058            4      784.497      660.471      400.316
      109        4.753        6.043            2      753.717      533.544      364.053
      110        4.650        5.944            4      759.575      599.532      390.896
      111        4.053        6.182            3      790.378      688.317      419.429
      112        4.858        5.871            4      753.808      555.281      388.425
      113        4.905        6.059            3      795.894      641.928      405.151
      114        4.656        6.015            2      795.467      599.070      426.759
      115        4.621        6.064            4      779.079      671.086      412.372
      116        4.712        6.061            3      778.968      606.156      422.643
      117        4.633        6.078            4      785.813      681.081      424.121
      118        4.677        6.119            3      781.449      644.334      433.407
      119        4.874        6.074            3      787.636      635.417      422.240
      120        4.956        6.109            4      784.256      572.748      437.066
      121        4.765        6.074            4      794.350      656.215      440.226
      122        4.249        6.132            3      782.790      615.227      420.615
      123        4.197        6.138            3      791.008      650.870      431.275
      124        4.253        6.186            3      791.242      588.674      422.442
      125        4.290        6.110            3      770.613      568.057      409.490
      126        4.423        6.156            2      787.926      555.931      439.950
      127        4.349        6.005            4      769.018      605.551      407.989
      128        4.322        6.156            2      767.964      615.548      423.906
      129        4.304        6.019            3      777.256      654.867      431.774
      130        4.002        6.099            2      777.735      586.321      431.059
      131        4.292        6.083            3      790.644      623.904      430.352
      132        4.315        6.156            3      782.533      639.404      436.791
      133        4.502        5.920            3      780.143      640.104      428.891
      134        4.510        5.989            4      789.439      582.777      428.647
      135        4.370        6.008            4      791.022      596.082      406.784
      136        4.504        5.991            3      797.369      652.458      413.654
      137        4.343        6.122            3      789.260      660.549      434.485
      138        4.378        6.051            4      785.872      681.170      423.724
      139        4.322        6.230            4      798.701      676.306      435.210
      140        4.492        6.177            4      805.800      657.810      431.806
      141        4.209        6.035            4      797.336      701.063      438.090
      142        4.215        6.079            4      781.842      712.283      416.041
      143        4.171        6.053            2      778.040      690.750      422.097
      144        3.890        6.216            3      808.584      685.409      448.112
      145        4.311        6.156            3      782.392      702.901      439.185
      146        4.166        6.106            4      799.057      746.881      416.958
      147        4.136        6.103            3      783.190      701.443      424.730
      148        4.267        5.998            4      777.009      653.331      427.406
      149        4.277        6.157            3      802.141      683.467      414.930
      150        4.262        6.116            3      782.701      670.533      421.679
      151        4.128        6.023            3      770.855      649.872      417.974
      152        4.340        6.120            4      779.651      655.070      418.897
      153        4.336        6.306            3      811.245      676.381      442.552
      154        4.429        6.144            3      769.948      660.251      431.698
      155        4.495        6.141            4      810.780      771.410      428.620
      156        4.335        6.086            3      770.109      659.318      437.490
      157        4.111        6.138            3      785.265      740.595      428.656
      158        4.287        6.126            3      784.494      766.476      444.674
      159        3.850        6.204            3      796.191      714.368      424.938
      160        3.758        6.347            4      815.193      836.555      442.459
      161        3.885        6.330            3      796.718      744.181      410.345
      162        3.966        6.244            3      792.566      761.001      425.164
      163        3.994        6.356            3      802.700      671.509      436.594
      164        4.138        6.286            3      786.625      728.857      432.045
      165        4.337        6.318            4      792.381      730.437      439.507
      166        4.527        6.226            3      787.403      809.960      423.301
      167        4.534        6.109            4      779.691      797.386      400.537
      168        4.310        6.230            3      787.522      736.936      430.314
      169        4.339        6.261            4      790.920      735.309      426.690
      170        4.269        6.263            4      786.687      749.650      437.499
      171        4.208        6.434            4      811.211      779.109      447.773
      172        4.267        6.389            4      790.090      753.960      448.659
      173        4.558        6.175            4      798.551      765.456      430.007
      174        4.908        6.166            3      784.648      739.800      437.665
      175        4.204        6.364            3      793.837      784.329      447.432
      176        4.337        6.305            1      801.996      917.853      423.104
      177        4.407        6.450            3      803.436      878.239      429.203
      178        4.695        6.528            4      819.549      905.661      418.611
      179        4.329        6.872            3      825.359      965.613      433.040
      180        4.903        6.521            4      813.922      906.289      455.469
      181        4.380        6.614            3      815.084      901.890      439.768
      182        3.363        6.859            3      832.906      945.011      435.654
      183        3.889        6.822            4      838.049      982.415      428.956
      184        3.985        7.286            3      834.602      982.943      444.851
      185        4.540        7.176            3      825.621      941.154      436.832
      186        4.931        6.930            4      848.675      953.463      456.218
      187        4.581        7.044            3      836.260      864.801      450.219
      188        4.419        6.947            3      858.853      912.526      448.528
      189        4.660        7.079            2      841.304      786.334      462.132
      190        4.379        6.862            1      840.379      808.990      445.693
      191        4.637        6.577            3      806.600      711.743      435.456
      192        4.513        6.611            3      820.012      717.747      417.942
      193        4.314        6.333            4      808.932      717.810      448.139
      194        4.453        6.738            4      861.263      824.219      440.644
      195        4.428        6.748            3      843.648      876.042      460.143
      196        4.278        7.132            2      869.525      944.260      479.671
      197        4.699        6.812            2      861.023      962.515      486.692
      198        4.164        7.014            1      847.785      913.938      484.880
      199        4.167        6.801            3      819.163      810.456      436.441
      200        3.992        7.098            2      847.409      874.857      460.487
      201        4.377        6.535            2      802.222      878.727      436.142
      202        4.622        6.758            2      811.554      781.060      455.517
      203        4.287        6.297            2      788.508      716.244      457.613
      204        4.451        6.457            2      813.837      761.695      467.514
      205        4.480        6.321            3      827.684      855.678      462.662
      206        4.280        6.320            3      824.813      913.453      471.462
      207        4.218        6.617            2      842.865      886.951      481.698
      208        3.966        6.299            2      838.534      825.438      453.718
      209        4.190        6.139            3      804.118      810.062      432.194
      210        4.227        5.969            2      799.163      814.830      467.386
      211        4.126        6.179            1      812.589      815.690      473.543
      212        4.135        6.097            3      781.389      682.233      438.736
      213        4.040        6.342            1      827.113      789.412      449.012
      214        4.021        6.397            2      809.339      658.203      434.827
      215        4.214        6.707            1      840.660      830.501      437.906
      216        4.004        7.056            1      864.351      784.592      474.244
      217        4.112        6.653            1      841.148      829.889      419.229
      218        4.381        6.320            1      776.375      736.213      391.572
      219        4.237        6.583            1      830.023      817.659      431.972
      220        4.352        6.890            1      860.419      831.340      468.766
      221        4.233        6.544            2      814.315      799.870      425.725
      222        4.529        7.154            0      896.071      872.836      493.179
      223        4.626        7.259            0      889.547      903.603      486.460
      224        4.431        6.884            0      886.373      919.125      528.046
      225        4.299        7.272            0      887.729      945.924      488.772
      226        4.195        7.248            1      883.476      816.810      491.375
      227        4.658        7.010            2      891.978      910.738      477.643
      228        4.485        7.146            2      863.935      849.216      463.600
      229        4.559        7.194            1      854.755      789.301      463.910
      230        4.676        7.152            2      874.538      814.392      478.309
      231        4.556        6.880            0      824.939      704.918      449.191
      232        4.758        6.869            1      832.583      670.482      427.923
      233        4.501        7.298            0      888.732      793.851      513.508
      234        4.734        7.041            2      857.156      770.239      459.139
      235        4.470        6.930            0      881.675      766.133      465.817
      236        4.598        7.228            0      904.030      868.826      539.748
      237        4.445        7.179            1      880.896      813.097      486.199
      238        4.608        7.067            1      863.794      738.683      490.548
      239        4.618        7.026            0      864.302      756.257      450.645
      240        4.768        6.954            1      858.695      793.494      464.562
      241        4.647        7.057            1      854.772      721.373      433.619
      242        4.698        7.020            0      872.077      759.726      498.818
      243        4.762        6.857            0      875.013      764.441      459.263
      244        4.322        6.998            1      882.711      856.200      490.166
      245        4.614        6.846            1      859.987      778.997      407.191
      246        4.540        6.737            1      844.309      743.731      384.542
      247        4.506        6.944            0      868.040      793.598      457.147
      248        4.455        7.188            1      875.859      812.766      473.332
      249        4.581        6.994            0      871.249      792.743      466.396
      250        4.593        7.225            0      866.946      766.529      451.611
      251        4.542        6.961            1      871.246      860.770      513.535
      252        4.657        7.189            1      868.625      749.126      480.806
      253        4.448        6.722            1      821.503      778.941      416.035
      254        4.625        7.020            0      854.216      791.842      452.126
      255        4.631        7.200            0      878.407      790.600      458.820
      256        4.585        7.728            0      882.473      818.900      479.075
      257        4.343        7.279            2      858.153      772.395      434.094
      258        4.386        6.930            0      860.370      837.755      464.623
      259        4.311        6.932            1      886.597      814.356      483.212
      260        4.278        7.064            1      880.158      848.872      453.494
      261        4.265        7.145            1      872.433      823.302      467.710
      262        4.240        7.518            2      913.055      849.238      474.799
      263        4.050        7.152            0      877.889      767.507      480.030
      264        4.323        7.043            0      873.820      795.988      479.397
      265        4.402        6.941            1      857.774      800.004      473.673
      266        4.356        7.077            1      866.174      825.288      495.742
      267        4.373        6.941            0      852.375      818.561      488.051
      268        4.230        7.219            1      899.089      821.617      499.051
      269        4.192        7.133            0      870.549      861.841      477.605
      270        4.163        7.410            0      903.210      859.869      519.409
      271        4.448        7.410            0      887.072      897.467      488.317
      272        4.739        7.290            0      883.284      892.590      497.326
      273        4.473        7.250            1      870.424      854.740      468.908
      274        4.536        7.103            1      865.944      896.207      446.604
      275        4.478        7.214            0      879.168      829.604      503.329
      276        4.212        7.417            0      877.083      794.985      486.356
      277        4.420        6.963            1      852.377      768.829      464.467
      278        4.921        7.299            1      864.119      872.007      466.536
      279        4.863        7.626            0      864.258      825.266      481.254
      280        4.668        7.597            0      871.006      830.972      465.486
      281        4.598        7.402            1      866.580      847.399      467.203
      282        4.611        7.349            1      875.085      892.578      449.927
      283        4.630        7.163            1      873.223      948.522      487.938
      284        4.695        7.041            0      876.719      925.575      480.556
      285        4.475        6.871            0      844.953      846.130      449.927
      286        4.566        6.971            0      846.103      776.388      460.150
      287        4.290        7.426            1      861.992      810.512      482.371
      288        4.402        7.474            0      855.839      882.268      462.885
      289        4.392        7.839            1      885.987      876.275      482.358
      290        4.556        7.614            0      907.657      915.167      490.107
      291        4.553        7.481            0      879.523      872.077      485.280
      292        4.700        7.833            0      886.482      863.905      488.867
      293        4.653        7.707            0      880.031      866.831      475.964
      294        4.695        7.488            0      850.622      902.772      482.688
      295        4.495        7.545            0      850.668      873.894      469.100
      296        4.692        7.385            0      860.241      844.738      473.237
      297        4.549        7.356            0      838.510      817.705      436.282
      298        4.428        7.317            0      856.918      833.371      479.988
      299        4.512        7.544            1      853.273      866.407      474.948
      300        4.533        7.449            0      856.494      790.632      465.770
      301        4.719        7.441            1      875.938      878.586      474.820
      302        4.640        7.405            0      859.640      905.105      480.328
      303        4.730        7.229            1      879.878      864.068      462.211
      304        4.677        7.460            1      872.902      907.588      459.336
      305        4.602        7.129            1      852.498      855.227      421.058
      306        4.635        6.947            0      844.076      863.836      421.816
      307        4.333        7.284            1      871.702      890.103      439.669
      308        4.188        7.326            3      861.295      830.795      459.639
      309        4.310        7.572            0      878.688      843.827      523.569
      310        4.121        7.644            0      852.169      832.193      499.023
      311        4.357        7.232            0      863.719      840.507      517.279
      312        4.353        7.798            1      876.075      789.659      488.606
      313        4.198        7.528            1      864.782      851.663      477.407
      314        4.477        7.522            1      892.060      863.758      462.511
      315        4.672        7.597            1      876.685      838.165      465.445
      316        4.647        7.391            1      872.437      836.380      447.426
      317        4.499        7.181            0      850.254      863.119      444.247
      318        4.694        7.223            1      843.284      809.455      427.730
      319        4.560        7.523            0      872.154      892.399      456.544
      320        4.719        7.275            3      852.464      851.110      423.513
      321        4.704        7.448            0      870.243      815.973      443.815
      322        4.329        7.547            0      861.547      757.872      492.080
      323        4.470        7.310            1      864.971      844.150      454.376
      324        4.574        7.443            1      881.670      912.238      452.142
      325        4.619        7.627            0      876.754      880.000      443.988
      326        4.466        7.223            0      874.185      937.214      451.264
      327        4.301        7.502            0      868.692      808.854      469.584
      328        4.229        7.530            0      876.099      895.444      492.390
      329        4.130        7.511            1      866.967      853.338      484.774
      330        4.310        7.602            2      888.364      876.304      483.235
      331        4.322        7.455            0      894.136      887.207      524.556
      332        4.300        7.536            1      887.442      943.229      506.423
      333        4.409        7.519            1      864.412      903.786      472.858
      334        4.454        7.560            2      888.718      892.803      477.551
      335        4.434        7.690            0      885.723      872.748      506.850
      336        4.390        7.353            2      869.122      880.714      465.029
      337        4.260        7.709            1      880.922      799.652      480.463
      338        4.531        7.578            1      884.309      884.229      471.672
      339        4.506        7.622            0      884.596      875.879      464.778
      340        4.457        7.606            3      880.801      911.930      466.261
      341        4.338        7.661            0      882.264      781.564      487.247
      342        4.388        7.460            0      869.218      756.159      476.753
      343        4.212        7.521            1      878.744      814.461      467.817
      344        4.224        7.587            1      879.776      804.503      484.273
      345        4.239        7.508            0      874.606      829.510      510.979
      346        4.288        7.618            0      890.511      836.419      506.531
      347        4.452        7.693            0      879.754      831.317      496.647
      348        4.330        7.475            1      883.228      795.110      466.701
      349        4.316        7.278            1      865.278      770.591      473.293
      350        4.318        7.491            0      883.442      774.488      467.598
      351        4.396        7.560            0      859.031      784.601      469.711
      352        4.743        7.834            0      897.374      830.506      467.144
      353        4.943        7.561            0      897.367      826.070      470.029
      354        4.698        7.751            0      894.960      833.011      477.935
      355        4.923        7.767            0      886.699      740.702      439.566
      356        5.039        7.515            0      876.880      740.863      444.080
      357        4.814        7.160            0      866.363      761.138      456.830
      358        4.919        7.630            0      877.521      773.142      470.031
      359        5.112        7.304            0      866.653      728.552      434.154
      360        5.070        7.281            0      863.689      718.697      415.045
      361        5.014        7.617            0      890.599      785.037      456.788
      362        4.714        7.520            0      858.778      777.886      488.524
      363        4.389        7.487            1      882.196      799.264      478.518
      364        4.463        7.312            0      871.581      787.615      469.838
      365        4.487        7.370            0      886.971      758.453      474.654
      366        4.211        7.624            0      870.706      696.797      506.937
      367        4.424        7.282            0      884.102      780.824      486.764
      368        4.344        7.523            0      877.132      731.414      488.297
      369        4.464        7.065            1      878.597      804.776      479.582
      370        4.383        7.456            0      880.581      808.395      485.764
      371        4.270        7.719            0      897.800      815.063      511.469
      372        4.263        7.517            1      893.830      796.748      494.716
      373        4.085        7.500            0      888.693      820.034      516.574
      374        4.242        7.532            0      877.896      787.999      495.434
      375        4.342        7.475            2      887.613      852.628      469.632
      376        4.563        7.364            1      889.798      850.738      446.409
      377        4.494        6.937            1      870.704      803.436      446.969
      378        4.320        7.363            3      880.990      746.213      469.188
      379        4.277        7.169            1      863.978      620.308      462.969
      380        4.191        7.145            0      888.077      710.776      491.188
      381        4.190        7.267            0      875.847      691.592      493.780
      382        4.164        7.214            0      884.213      673.862      479.519
      383        4.195        6.895            1      859.033      682.936      449.882
      384        4.260        7.324            0      881.370      672.636      484.719
      385        4.412        7.028            1      856.345      709.591      450.192
      386        4.379        7.115            1      851.596      681.737      456.312
      387        4.423        7.195            0      863.548      775.521      500.310
      388        4.375        7.063            0      880.412      759.266      480.499
      389        4.570        6.919            0      890.197      823.778      497.120
      390        4.460        7.026            0      853.926      680.954      465.660
      391        4.345        7.003            0      855.745      658.955      474.574
      392        4.506        7.234            0      887.720      698.205      507.199
      393        4.378        7.332            0      871.526      763.212      476.930
      394        4.592        6.853            0      864.108      707.645      469.632
      395        4.595        6.917            1      876.277      719.186      460.946
      396        4.643        7.071            0      853.874      692.477      457.336
      397        4.558        7.215            0      871.410      783.703      484.193
      398        4.461        6.954            0      849.803      675.037      466.100
      399        4.423        6.759            0      843.159      690.562      456.745
      400        4.502        7.120            0      879.291      740.105      492.030
      401        4.720        7.266            0      860.725      709.332      443.815
      402        4.794        7.142            1      844.916      711.919      442.450
      403        4.855        7.534            0      882.845      777.253      488.296
      404        4.658        6.822            1      872.067      762.334      453.817
      405        4.844        7.093            0      862.709      688.462      461.786
      406        4.917        7.097            0      865.106      641.000      452.082
      407        4.729        7.641            0      892.229      746.432      503.367
      408        4.549        7.164            0      854.100      714.052      447.359
      409        4.588        6.852            0      838.199      708.450      417.766
      410        4.761        7.548            0      869.232      677.542      438.747
      411        4.781        7.724            0      866.670      771.587      458.688
      412        4.611        7.381            1      848.756      719.610      417.455
      413        4.834        7.244            0      840.081      692.423      425.894
      414        4.873        7.426            0      853.619      662.353      464.252
      415        4.825        7.168            1      838.159      695.598      442.372
      416        4.447        6.903            0      849.585      717.743      432.252
      417        4.951        6.930            0      832.603      713.487      432.007
      418        4.676        6.588            1      844.601      896.990      396.509
      419        4.713        6.776            1      826.185      885.906      444.519
      420        5.028        6.895            0      848.176      932.731      498.371
      421        4.783        6.868            0      862.871      937.989      456.403
      422        4.417        6.975            0      897.740      976.499      482.249
      423        4.520        6.885            0      863.254      825.573      488.869
      424        4.689        6.577            0      841.924      844.686      432.207
      425        4.700        6.799            0      853.145      962.622      490.714
      426        4.715        6.563            0      861.148      942.289      461.561
      427        4.605        6.439            0      818.148      794.895      458.802
      428        4.790        6.384            0      839.203      900.685      503.226
      429        4.710        6.477            0      799.645      687.549      478.040
      430        4.839        6.903            0      884.644      904.677      469.096
      431        4.847        6.900            2      836.038      764.259      473.234
      432        4.836        6.793            2      831.424      779.427      436.872
      433        4.376        6.953            1      846.710      774.790      449.561
      434        4.551        6.808            2      855.307      761.845      401.953
      435        4.817        6.993            2      829.499      729.482      402.545
      436        4.702        7.052            0      836.746      732.471      410.132
      437        4.927        7.261            0      877.421      874.737      436.819
      438        4.775        7.620            1      866.473      787.420      468.518
      439        4.720        7.808            1      880.509      765.062      464.077
      440        4.922        7.208            0      875.269      766.763      459.617
      441        4.974        7.261            0      866.294      762.941      483.376
      442        4.918        7.506            0      889.010      811.793      503.557
      443        4.691        6.860            0      861.641      803.035      451.075
      444        4.273        6.883            0      869.392      787.808      510.542
      445        4.302        7.539            0      886.130      870.857      522.773
      446        4.403        7.044            0      857.641      779.796      498.688
      447        4.389        7.404            0      868.494      748.283      507.068
      448        4.456        7.117            1      862.366      739.198      475.769
      449        4.090        7.184            0      862.874      810.000      506.163
      450        4.542        6.718            0      846.342      760.755      449.217
      451        4.935        7.030            0      870.445      812.951      506.922
      452        4.767        7.003            0      827.616      733.959      469.642
      453        4.980        7.031            0      847.232      790.480      497.498
      454        4.948        6.795            0      829.828      742.163      483.657
      455        4.811        7.207            1      878.036      809.141      480.916
      456        5.297        7.503            0      882.362      912.689      483.614
      457        4.571        7.766            0      892.517      985.675      489.757
      458        4.750        7.698            0      902.642      898.939      520.069
      459        4.524        7.550            0      906.308      874.607      512.023
      460        4.607        7.489            0      882.294      911.850      483.940
      461        4.372        7.641            0      874.578      771.856      483.867
      462        4.412        7.543            0      858.897      731.019      453.940
      463        4.422        7.645            0      884.669      798.966      500.634
      464        4.121        7.689            1      861.909      745.992      460.471
      465        4.211        7.359            0      862.081      763.515      456.496
      466        4.286        6.771            1      858.551      808.926      456.864
      467        4.627        7.237            0      892.287      738.083      444.256
      468        4.689        7.640            0      882.359      809.258      479.227
      469        4.759        7.480            0      881.562      761.383      479.320
      470        4.857        7.304            0      853.714      725.442      456.772
      471        4.853        7.481            0      882.360      705.184      474.193
      472        4.750        7.397            0      876.730      776.692      476.289
      473        4.521        7.541            0      885.560      727.685      447.427
      474        4.794        7.309            0      864.098      729.252      418.067
      475        4.668        7.207            1      871.488      773.217      421.808
      476        4.683        6.977            0      850.858      725.224      399.665
      477        4.799        7.429            1      860.193      710.558      468.879
      478        4.623        7.081            0      852.625      720.316      401.075
      479        4.649        7.603            0      889.047      837.427      464.255
      480        4.875        7.610            0      869.705      709.497      438.310
      481        5.003        7.435            1      873.212      759.598      440.338
      482        5.012        7.438            0      874.561      791.133      394.641
      483        4.628        7.497            0      901.397      743.448      434.877
      484        4.970        7.577            1      876.928      796.160      402.833
      485        5.067        7.494            0      874.021      753.544      420.387
      486        4.751        7.563            1      884.866      826.924      424.179
      487        5.057        7.378            0      877.657      776.687      463.542
      488        4.985        7.549            1      879.879      807.329      449.871
      489        4.958        7.406            2      854.574      772.880      389.770
      490        4.644        7.762            0      881.390      779.453      442.850
      491        4.960        7.584            1      864.885      774.642      439.265
      492        4.669        7.146            0      871.997      829.330      396.206
      493        4.496        7.857            0      882.702      808.040      477.056
      494        4.658        7.477            1      857.510      865.840      470.151
      495        4.386        7.386            0      875.790      805.431      499.721
      496        4.379        7.156            0      866.888      779.905      523.191
      497        4.377        7.034            3      880.136      809.614      481.186
      498        4.420        7.659            1      875.629      778.648      486.869
      499        4.352        7.812            1      894.052      820.354      489.180
      500        4.546        7.127            1      871.032      777.119      473.832
      501        4.524        7.118            0      880.082      783.878      485.001
