  # frame#    Prot_CA   Prot_Backbone  Prot_Sidechain  Prot_All_Heavy Lig_wrt_Protein  Lig_wrt_Ligand
         0      0.000           0.000           0.000           0.000           0.000           0.000
         1      2.883           2.891           3.466           3.090           2.448           1.808
         2      3.512           3.523           4.100           3.728           2.836           1.901
         3      3.495           3.505           4.150           3.742           4.616           3.065
         4      3.741           3.745           4.405           3.994           4.389           3.282
         5      3.656           3.664           4.353           3.932           4.726           3.542
         6      3.933           3.938           4.605           4.200           4.860           3.485
         7      3.838           3.843           4.522           4.109           5.386           3.394
         8      3.911           3.920           4.615           4.198           4.918           3.308
         9      3.953           3.967           4.643           4.234           4.752           3.349
        10      4.138           4.146           4.827           4.423           5.033           3.650
        11      4.062           4.075           4.765           4.351           5.156           3.631
        12      3.925           3.937           4.648           4.220           8.263           4.876
        13      4.050           4.066           4.799           4.364           6.003           4.530
        14      4.142           4.156           4.871           4.443           6.150           4.541
        15      3.883           3.897           4.665           4.208           5.857           4.995
        16      4.207           4.222           4.963           4.520           7.201           4.780
        17      4.166           4.176           4.895           4.464           7.335           4.265
        18      4.247           4.258           4.968           4.539           7.082           4.442
        19      4.274           4.285           5.009           4.572           7.508           4.472
        20      4.094           4.104           4.857           4.408           7.896           4.638
        21      4.150           4.159           4.891           4.452           9.058           4.678
        22      4.449           4.453           5.170           4.741           7.275           4.668
        23      3.930           3.939           4.708           4.249           7.002           4.129
        24      4.046           4.061           4.847           4.385           7.575           3.800
        25      4.134           4.141           4.939           4.476           7.223           4.485
        26      4.237           4.249           5.002           4.563           7.546           4.201
        27      3.985           3.994           4.789           4.321           7.695           4.661
        28      4.159           4.162           4.932           4.485           8.009           4.250
        29      4.251           4.259           5.019           4.571           8.945           4.255
        30      4.346           4.354           5.093           4.663           8.369           3.770
        31      4.221           4.225           4.988           4.544           9.150           4.040
        32      4.045           4.049           4.891           4.411           8.537           4.210
        33      4.240           4.248           5.046           4.583           7.972           4.016
        34      4.273           4.278           5.062           4.610           7.670           3.968
        35      4.105           4.115           4.871           4.430           7.850           4.571
        36      4.223           4.227           5.008           4.554           8.525           4.680
        37      4.221           4.229           4.970           4.534           7.963           4.744
        38      4.401           4.407           5.151           4.712           9.629           5.005
        39      4.056           4.062           4.844           4.384           9.020           4.871
        40      4.151           4.159           4.928           4.474           9.140           4.428
        41      4.168           4.173           4.992           4.518           8.899           4.337
        42      4.389           4.393           5.149           4.704           7.944           4.095
        43      4.520           4.526           5.283           4.840           8.610           4.087
        44      4.405           4.412           5.168           4.725           8.954           4.270
        45      4.423           4.434           5.194           4.751           9.435           4.585
        46      4.504           4.510           5.308           4.848           7.886           4.039
        47      4.354           4.370           5.152           4.697           8.727           4.325
        48      4.462           4.471           5.266           4.813           8.329           4.197
        49      4.361           4.368           5.155           4.698           7.719           4.186
        50      4.335           4.341           5.132           4.674           8.885           4.279
        51      4.321           4.329           5.107           4.659           8.842           4.402
        52      4.205           4.213           5.034           4.570           8.718           4.149
        53      4.251           4.265           5.110           4.627           8.775           4.141
        54      4.249           4.259           5.096           4.623           9.139           3.965
        55      4.198           4.208           5.020           4.558           8.428           4.140
        56      4.296           4.304           5.159           4.681           8.854           4.078
        57      4.301           4.310           5.139           4.669           9.134           4.017
        58      4.359           4.369           5.179           4.723           8.653           4.317
        59      4.339           4.349           5.198           4.714           8.934           4.266
        60      4.198           4.206           5.066           4.578           8.989           4.244
        61      4.244           4.254           5.105           4.628           8.951           4.359
        62      4.340           4.350           5.211           4.728           9.046           4.283
        63      4.188           4.197           5.070           4.572           9.243           4.370
        64      4.237           4.247           5.103           4.610           8.296           4.406
        65      4.205           4.210           5.060           4.571           8.759           4.285
        66      4.339           4.345           5.180           4.693           9.070           4.125
        67      4.270           4.276           5.074           4.610           9.251           4.077
        68      4.231           4.235           5.039           4.572           8.807           4.091
        69      4.105           4.116           4.931           4.457           9.859           4.305
        70      4.203           4.201           5.081           4.575           8.319           4.270
        71      3.949           3.953           4.866           4.346           9.372           4.067
        72      4.049           4.055           4.925           4.428           9.524           4.212
        73      4.042           4.040           4.921           4.417           9.329           4.304
        74      4.092           4.096           4.918           4.442           9.851           4.246
        75      4.144           4.151           4.979           4.510           9.035           4.064
        76      4.147           4.151           4.971           4.495           9.038           4.144
        77      4.095           4.101           4.957           4.466           9.250           4.158
        78      4.122           4.125           4.987           4.495           8.889           4.126
        79      4.067           4.072           4.951           4.451           9.511           4.137
        80      4.063           4.074           4.951           4.455           9.407           4.309
        81      4.311           4.313           5.201           4.709           8.875           4.154
        82      4.183           4.195           5.053           4.571           9.249           4.105
        83      4.096           4.105           4.991           4.493           8.974           4.119
        84      4.281           4.292           5.167           4.678           9.145           4.156
        85      4.117           4.121           5.043           4.534           9.095           4.344
        86      4.343           4.347           5.217           4.735           9.441           4.395
        87      4.041           4.047           4.950           4.453           9.271           4.370
        88      4.150           4.150           5.053           4.551           9.787           4.366
        89      3.847           3.861           4.768           4.254           9.594           4.056
        90      3.994           3.998           4.910           4.399           9.207           4.181
        91      4.048           4.053           4.949           4.443           7.665           4.467
        92      4.003           4.004           4.967           4.436           7.964           4.485
        93      4.303           4.309           5.217           4.717           8.534           4.110
        94      4.184           4.189           5.102           4.595           9.624           4.231
        95      4.120           4.122           5.029           4.518           9.533           4.324
        96      4.204           4.206           5.107           4.606           8.259           4.357
        97      4.140           4.138           5.059           4.545           9.122           4.147
        98      4.140           4.139           5.024           4.528           9.447           4.198
        99      4.309           4.307           5.201           4.701           8.739           4.202
       100      4.122           4.118           5.057           4.538           8.502           4.228
       101      4.146           4.148           5.058           4.553           8.238           4.219
       102      4.163           4.163           5.075           4.566           9.112           4.218
       103      4.163           4.159           5.079           4.565           9.111           4.181
       104      4.276           4.278           5.167           4.673           8.982           4.075
       105      4.179           4.181           5.056           4.566           9.721           4.254
       106      4.330           4.333           5.205           4.719           8.937           4.373
       107      4.157           4.163           5.031           4.544           9.418           4.714
       108      4.097           4.105           5.000           4.502           9.739           4.662
       109      4.213           4.214           5.105           4.605          10.449           4.753
       110      4.178           4.179           5.070           4.571          10.123           4.650
       111      4.251           4.251           5.128           4.631           8.752           4.053
       112      4.409           4.415           5.273           4.791          10.609           4.858
       113      4.425           4.429           5.319           4.817          11.148           4.905
       114      4.275           4.277           5.162           4.661          10.469           4.656
       115      4.432           4.436           5.302           4.806           9.855           4.621
       116      4.305           4.307           5.202           4.696          10.074           4.712
       117      4.483           4.487           5.334           4.846           9.732           4.633
       118      4.768           4.770           5.589           5.116          10.500           4.677
       119      4.565           4.571           5.444           4.953          10.156           4.874
       120      4.654           4.658           5.531           5.032          10.130           4.956
       121      4.650           4.653           5.477           5.000          10.561           4.765
       122      4.731           4.730           5.571           5.082           9.479           4.249
       123      4.661           4.662           5.520           5.015           9.550           4.197
       124      4.665           4.668           5.507           5.021           9.008           4.253
       125      4.593           4.591           5.518           4.987           9.242           4.290
       126      4.514           4.514           5.388           4.881           9.305           4.423
       127      4.465           4.456           5.350           4.836           8.536           4.349
       128      4.424           4.419           5.297           4.796           8.509           4.322
       129      4.451           4.446           5.331           4.823           9.715           4.304
       130      4.472           4.464           5.357           4.844           9.340           4.002
       131      4.613           4.610           5.488           4.983           9.804           4.292
       132      4.461           4.458           5.314           4.810          10.290           4.315
       133      4.585           4.584           5.418           4.928           9.086           4.502
       134      4.693           4.690           5.542           5.047           8.905           4.510
       135      4.625           4.621           5.452           4.971           9.622           4.370
       136      4.555           4.556           5.444           4.939           9.693           4.504
       137      4.777           4.774           5.624           5.136           9.956           4.343
       138      4.681           4.680           5.498           5.030           9.789           4.378
       139      4.608           4.604           5.468           4.970           9.741           4.322
       140      4.739           4.739           5.556           5.078           9.560           4.492
       141      4.487           4.484           5.329           4.841          10.133           4.209
       142      4.611           4.614           5.454           4.968          10.076           4.215
       143      4.385           4.387           5.279           4.769          10.659           4.171
       144      4.300           4.299           5.205           4.691          10.094           3.890
       145      4.485           4.482           5.364           4.856           9.497           4.311
       146      4.551           4.549           5.366           4.881           9.856           4.166
       147      4.485           4.479           5.333           4.840          10.433           4.136
       148      4.540           4.533           5.415           4.912          10.509           4.267
       149      4.474           4.473           5.365           4.851          10.318           4.277
       150      4.241           4.229           5.177           4.638           9.974           4.262
       151      4.464           4.463           5.360           4.848          10.282           4.128
       152      4.350           4.343           5.265           4.737          10.527           4.340
       153      4.314           4.312           5.230           4.706           9.858           4.336
       154      4.340           4.338           5.210           4.707           9.488           4.429
       155      4.601           4.599           5.441           4.953           9.645           4.495
       156      4.225           4.228           5.119           4.612           9.928           4.335
       157      4.455           4.456           5.313           4.824           9.786           4.111
       158      4.366           4.364           5.238           4.734           9.636           4.287
       159      4.319           4.315           5.180           4.683           9.398           3.850
       160      4.490           4.485           5.361           4.859           9.616           3.758
       161      4.292           4.291           5.211           4.694           9.579           3.885
       162      4.306           4.308           5.171           4.687           9.331           3.966
       163      4.566           4.563           5.414           4.925           8.912           3.994
       164      4.489           4.485           5.350           4.862           8.719           4.138
       165      4.809           4.805           5.615           5.145           9.060           4.337
       166      4.647           4.645           5.517           5.022           8.801           4.527
       167      4.659           4.655           5.514           5.015           8.159           4.534
       168      4.431           4.432           5.291           4.795           8.478           4.310
       169      4.744           4.737           5.587           5.088           8.923           4.339
       170      4.758           4.758           5.594           5.107           8.943           4.269
       171      4.635           4.630           5.468           4.982           9.141           4.208
       172      4.727           4.720           5.553           5.074           9.664           4.267
       173      4.874           4.870           5.677           5.205           9.192           4.558
       174      4.634           4.631           5.459           4.979           9.882           4.908
       175      4.740           4.734           5.560           5.081           8.943           4.204
       176      4.783           4.781           5.627           5.142           6.942           4.337
       177      4.704           4.706           5.550           5.074           7.795           4.407
       178      4.578           4.583           5.453           4.967           9.014           4.695
       179      4.729           4.724           5.569           5.087           7.772           4.329
       180      4.969           4.967           5.777           5.308           8.749           4.903
       181      4.746           4.745           5.594           5.113           7.345           4.380
       182      4.699           4.696           5.560           5.070           8.254           3.363
       183      4.795           4.796           5.612           5.145           8.169           3.889
       184      4.701           4.698           5.543           5.060           8.750           3.985
       185      4.985           4.983           5.757           5.309           8.977           4.540
       186      4.927           4.920           5.744           5.272           7.301           4.931
       187      4.941           4.941           5.740           5.277           7.596           4.581
       188      4.612           4.611           5.452           4.962           6.968           4.419
       189      4.779           4.773           5.598           5.122           7.299           4.660
       190      5.023           5.016           5.810           5.351           7.575           4.379
       191      5.046           5.045           5.813           5.364           6.795           4.637
       192      5.112           5.111           5.904           5.445           6.428           4.513
       193      4.841           4.841           5.628           5.174           6.846           4.314
       194      4.724           4.724           5.564           5.087           6.959           4.453
       195      4.729           4.726           5.568           5.085           6.847           4.428
       196      4.781           4.778           5.642           5.146           7.195           4.278
       197      4.735           4.736           5.559           5.087           6.795           4.699
       198      4.858           4.858           5.673           5.207           6.762           4.164
       199      4.808           4.807           5.621           5.147           6.518           4.167
       200      4.862           4.863           5.705           5.218           6.578           3.992
       201      4.909           4.908           5.736           5.256           6.424           4.377
       202      4.998           4.994           5.834           5.354           6.405           4.622
       203      5.125           5.128           5.925           5.459           7.275           4.287
       204      4.888           4.881           5.768           5.267           7.155           4.451
       205      5.152           5.149           5.955           5.494           7.394           4.480
       206      5.052           5.050           5.901           5.416           5.883           4.280
       207      5.243           5.242           6.030           5.568           5.471           4.218
       208      4.981           4.983           5.805           5.330           5.984           3.966
       209      4.988           4.987           5.823           5.345           6.786           4.190
       210      4.986           4.981           5.872           5.374           6.144           4.227
       211      4.847           4.847           5.710           5.220           5.484           4.126
       212      4.833           4.832           5.702           5.206           7.338           4.135
       213      4.795           4.790           5.667           5.168           7.092           4.040
       214      4.711           4.709           5.605           5.102           6.444           4.021
       215      5.167           5.162           5.971           5.501           5.828           4.214
       216      5.017           5.013           5.843           5.366           5.143           4.004
       217      4.798           4.796           5.663           5.174           5.243           4.112
       218      4.729           4.731           5.582           5.098           5.180           4.381
       219      4.868           4.867           5.749           5.250           5.085           4.237
       220      4.760           4.762           5.656           5.147           5.225           4.352
       221      4.828           4.827           5.700           5.198           5.097           4.233
       222      4.802           4.796           5.688           5.181           5.159           4.529
       223      4.809           4.808           5.657           5.178           5.418           4.626
       224      5.092           5.094           5.903           5.435           5.346           4.431
       225      4.898           4.898           5.684           5.227           5.392           4.299
       226      4.958           4.959           5.786           5.310           5.646           4.195
       227      4.918           4.919           5.743           5.274           6.091           4.658
       228      4.979           4.979           5.806           5.332           6.070           4.485
       229      5.034           5.030           5.843           5.371           6.117           4.559
       230      4.684           4.686           5.550           5.052           5.582           4.676
       231      4.935           4.936           5.733           5.268           5.722           4.556
       232      4.903           4.903           5.706           5.233           6.169           4.758
       233      4.878           4.879           5.700           5.218           5.511           4.501
       234      4.885           4.887           5.705           5.234           5.664           4.734
       235      5.078           5.081           5.869           5.409           5.610           4.470
       236      5.064           5.063           5.887           5.408           5.879           4.598
       237      5.076           5.080           5.831           5.385           5.938           4.445
       238      5.171           5.167           5.953           5.495           6.152           4.608
       239      5.216           5.216           5.982           5.529           5.786           4.618
       240      4.874           4.874           5.699           5.226           5.820           4.768
       241      5.003           5.002           5.804           5.343           5.865           4.647
       242      5.143           5.146           5.957           5.489           6.020           4.698
       243      4.976           4.975           5.772           5.315           6.247           4.762
       244      5.201           5.200           6.013           5.544           5.369           4.322
       245      5.352           5.351           6.160           5.690           5.810           4.614
       246      5.029           5.032           5.850           5.379           5.549           4.540
       247      4.948           4.949           5.790           5.313           5.975           4.506
       248      5.417           5.412           6.218           5.753           6.020           4.455
       249      5.197           5.195           5.998           5.541           6.168           4.581
       250      5.246           5.242           6.042           5.584           5.851           4.593
       251      5.131           5.127           5.971           5.488           5.449           4.542
       252      5.163           5.163           5.992           5.520           5.903           4.657
       253      5.258           5.254           6.082           5.608           5.731           4.448
       254      5.401           5.392           6.200           5.732           6.536           4.625
       255      5.450           5.444           6.276           5.792           5.785           4.631
       256      5.213           5.206           6.032           5.551           5.881           4.585
       257      4.963           4.961           5.789           5.309           6.288           4.343
       258      5.079           5.079           5.920           5.433           6.181           4.386
       259      5.292           5.289           6.107           5.633           6.318           4.311
       260      5.064           5.056           5.890           5.408           6.999           4.278
       261      5.049           5.045           5.858           5.381           6.165           4.265
       262      5.160           5.157           5.980           5.498           5.266           4.240
       263      5.190           5.188           5.971           5.505           5.753           4.050
       264      5.287           5.284           6.047           5.596           6.095           4.323
       265      5.117           5.113           5.904           5.439           6.182           4.402
       266      5.343           5.340           6.077           5.640           6.210           4.356
       267      5.254           5.249           6.012           5.561           6.144           4.373
       268      5.234           5.231           5.990           5.547           6.087           4.230
       269      5.065           5.058           5.897           5.415           5.376           4.192
       270      5.000           4.995           5.822           5.349           6.023           4.163
       271      4.925           4.919           5.755           5.282           5.395           4.448
       272      5.382           5.376           6.176           5.720           5.832           4.739
       273      5.457           5.446           6.254           5.792           6.064           4.473
       274      5.163           5.156           5.995           5.524           5.605           4.536
       275      5.292           5.289           6.054           5.616           6.010           4.478
       276      5.239           5.233           6.008           5.563           6.204           4.212
       277      5.124           5.123           5.941           5.477           5.854           4.420
       278      5.323           5.319           6.092           5.642           5.595           4.921
       279      5.021           5.017           5.845           5.366           5.849           4.863
       280      5.038           5.035           5.865           5.396           5.214           4.668
       281      5.251           5.244           6.055           5.591           5.250           4.598
       282      5.239           5.235           6.028           5.574           5.607           4.611
       283      5.528           5.520           6.300           5.856           6.021           4.630
       284      5.562           5.555           6.321           5.880           5.245           4.695
       285      5.369           5.364           6.145           5.696           5.632           4.475
       286      5.457           5.453           6.251           5.796           6.147           4.566
       287      5.335           5.332           6.122           5.669           6.126           4.290
       288      5.716           5.708           6.420           6.003           5.806           4.402
       289      5.383           5.375           6.154           5.705           5.836           4.392
       290      5.545           5.543           6.280           5.851           5.642           4.556
       291      5.188           5.180           5.958           5.513           5.633           4.553
       292      5.488           5.480           6.263           5.813           5.515           4.700
       293      5.491           5.486           6.239           5.806           5.325           4.653
       294      5.438           5.428           6.203           5.757           5.612           4.695
       295      5.143           5.130           5.909           5.463           5.505           4.495
       296      5.281           5.275           6.008           5.584           5.722           4.692
       297      5.082           5.068           5.888           5.421           5.556           4.549
       298      5.288           5.282           6.079           5.628           5.920           4.428
       299      5.391           5.383           6.176           5.729           5.302           4.512
       300      5.261           5.254           6.047           5.597           5.222           4.533
       301      5.120           5.114           5.977           5.498           5.666           4.719
       302      5.174           5.171           5.984           5.520           5.423           4.640
       303      5.534           5.523           6.294           5.848           5.758           4.730
       304      5.436           5.427           6.184           5.745           5.690           4.677
       305      5.242           5.236           5.989           5.548           5.879           4.602
       306      5.537           5.528           6.267           5.832           6.082           4.635
       307      4.898           4.891           5.747           5.260           5.804           4.333
       308      4.995           4.991           5.844           5.364           6.166           4.188
       309      5.261           5.258           6.046           5.593           5.957           4.310
       310      5.128           5.124           5.932           5.469           5.635           4.121
       311      5.049           5.039           5.854           5.387           6.137           4.357
       312      5.197           5.188           6.016           5.541           5.700           4.353
       313      5.181           5.171           5.988           5.511           5.612           4.198
       314      5.176           5.169           5.949           5.494           5.701           4.477
       315      4.996           4.989           5.825           5.348           5.690           4.672
       316      5.190           5.180           5.977           5.517           6.002           4.647
       317      5.012           5.002           5.845           5.372           5.989           4.499
       318      4.891           4.883           5.719           5.252           6.010           4.694
       319      5.026           5.016           5.840           5.370           5.914           4.560
       320      5.198           5.188           6.025           5.545           5.825           4.719
       321      5.163           5.150           5.997           5.517           6.368           4.704
       322      5.150           5.142           5.994           5.506           5.588           4.329
       323      5.458           5.447           6.250           5.786           5.750           4.470
       324      5.645           5.634           6.395           5.948           5.753           4.574
       325      5.330           5.323           6.156           5.682           5.981           4.619
       326      5.407           5.400           6.139           5.706           5.926           4.466
       327      5.269           5.258           6.029           5.587           5.617           4.301
       328      5.571           5.562           6.339           5.889           5.831           4.229
       329      5.422           5.416           6.207           5.757           5.126           4.130
       330      5.251           5.241           6.091           5.610           5.456           4.310
       331      5.305           5.293           6.111           5.647           5.636           4.322
       332      5.258           5.249           6.067           5.604           5.935           4.300
       333      5.290           5.282           6.107           5.632           5.707           4.409
       334      5.324           5.312           6.141           5.667           6.157           4.454
       335      5.582           5.570           6.369           5.909           6.200           4.434
       336      4.967           4.962           5.806           5.334           5.476           4.390
       337      5.212           5.204           6.032           5.562           6.569           4.260
       338      5.175           5.169           5.987           5.523           6.293           4.531
       339      4.783           4.775           5.638           5.160           6.240           4.506
       340      5.010           4.998           5.858           5.377           6.344           4.457
       341      5.067           5.061           5.913           5.436           6.297           4.338
       342      4.958           4.949           5.826           5.339           6.912           4.388
       343      5.170           5.159           6.005           5.537           6.924           4.212
       344      5.426           5.418           6.249           5.779           6.050           4.224
       345      4.954           4.945           5.815           5.333           6.348           4.239
       346      5.129           5.122           5.984           5.505           6.390           4.288
       347      5.372           5.362           6.225           5.742           5.988           4.452
       348      5.397           5.386           6.231           5.747           6.039           4.330
       349      4.989           4.980           5.819           5.346           5.900           4.316
       350      5.129           5.120           5.999           5.511           6.587           4.318
       351      5.314           5.304           6.142           5.668           5.750           4.396
       352      5.393           5.385           6.215           5.742           6.682           4.743
       353      5.203           5.191           6.085           5.583           6.376           4.943
       354      5.303           5.287           6.168           5.674           6.586           4.698
       355      5.341           5.326           6.162           5.683           6.567           4.923
       356      5.359           5.348           6.193           5.718           6.484           5.039
       357      5.219           5.211           6.046           5.569           6.409           4.814
       358      5.185           5.174           6.023           5.543           6.174           4.919
       359      5.248           5.238           6.076           5.602           6.347           5.112
       360      5.010           5.004           5.873           5.385           6.220           5.070
       361      5.142           5.137           5.963           5.494           6.549           5.014
       362      5.137           5.129           5.954           5.494           6.153           4.714
       363      5.030           5.025           5.853           5.392           5.596           4.389
       364      5.169           5.164           5.973           5.512           6.305           4.463
       365      5.137           5.131           5.974           5.497           5.904           4.487
       366      5.024           5.016           5.864           5.391           6.009           4.211
       367      5.159           5.153           6.006           5.533           5.811           4.424
       368      5.177           5.177           5.987           5.532           5.851           4.344
       369      5.394           5.385           6.196           5.735           6.060           4.464
       370      5.023           5.009           5.867           5.384           5.976           4.383
       371      5.076           5.067           5.919           5.447           6.305           4.270
       372      5.075           5.066           5.893           5.427           6.414           4.263
       373      5.206           5.193           6.027           5.558           6.110           4.085
       374      5.161           5.151           5.985           5.519           6.696           4.242
       375      5.222           5.212           6.039           5.571           6.378           4.342
       376      5.364           5.359           6.134           5.683           6.494           4.563
       377      5.114           5.110           5.905           5.450           6.814           4.494
       378      5.188           5.178           5.986           5.527           7.382           4.320
       379      5.245           5.237           6.024           5.573           7.129           4.277
       380      5.294           5.285           6.087           5.622           7.156           4.191
       381      5.008           4.996           5.840           5.364           7.764           4.190
       382      5.368           5.356           6.140           5.692           7.986           4.164
       383      5.168           5.157           5.988           5.516           7.497           4.195
       384      5.291           5.279           6.091           5.629           7.593           4.260
       385      5.275           5.263           6.069           5.602           7.613           4.412
       386      5.384           5.377           6.171           5.713           7.089           4.379
       387      5.358           5.348           6.105           5.656           7.445           4.423
       388      5.223           5.213           6.007           5.547           7.470           4.375
       389      5.045           5.032           5.861           5.380           7.482           4.570
       390      5.193           5.182           6.001           5.526           7.703           4.460
       391      5.121           5.110           5.948           5.468           7.661           4.345
       392      5.003           4.991           5.824           5.349           6.657           4.506
       393      4.992           4.983           5.787           5.326           7.562           4.378
       394      5.313           5.302           6.123           5.646           8.512           4.592
       395      5.145           5.133           5.948           5.476           7.969           4.595
       396      5.149           5.134           5.950           5.478           7.166           4.643
       397      5.407           5.401           6.179           5.727           6.812           4.558
       398      5.322           5.313           6.110           5.651           8.004           4.461
       399      5.281           5.273           6.103           5.626           8.113           4.423
       400      5.086           5.078           5.907           5.436           7.380           4.502
       401      5.061           5.055           5.874           5.408           7.686           4.720
       402      4.941           4.933           5.782           5.303           7.954           4.794
       403      5.076           5.065           5.927           5.439           6.782           4.855
       404      5.011           5.000           5.865           5.378           7.788           4.658
       405      5.015           5.000           5.882           5.390           6.966           4.844
       406      4.863           4.848           5.718           5.231           7.443           4.917
       407      5.179           5.172           5.962           5.511           6.988           4.729
       408      5.127           5.120           5.928           5.470           6.953           4.549
       409      5.069           5.059           5.890           5.417           7.337           4.588
       410      5.008           5.001           5.821           5.348           7.199           4.761
       411      5.101           5.093           5.920           5.454           6.641           4.781
       412      5.198           5.189           6.033           5.562           6.924           4.611
       413      5.254           5.244           6.041           5.584           7.176           4.834
       414      5.080           5.067           5.890           5.418           7.833           4.873
       415      5.199           5.193           6.015           5.546           7.105           4.825
       416      5.133           5.129           5.954           5.488           6.967           4.447
       417      4.856           4.853           5.730           5.242           7.104           4.951
       418      5.063           5.054           5.909           5.430           7.028           4.676
       419      4.943           4.938           5.782           5.311           7.089           4.713
       420      4.975           4.973           5.799           5.331           6.691           5.028
       421      4.876           4.870           5.702           5.240           6.363           4.783
       422      5.191           5.184           5.981           5.528           6.565           4.417
       423      5.198           5.193           5.976           5.528           6.844           4.520
       424      5.143           5.134           5.962           5.496           6.706           4.689
       425      5.215           5.203           6.001           5.557           6.454           4.700
       426      4.932           4.926           5.750           5.288           5.993           4.715
       427      5.013           5.005           5.851           5.374           6.366           4.605
       428      5.209           5.202           6.049           5.579           6.226           4.790
       429      5.052           5.047           5.856           5.398           7.150           4.710
       430      5.140           5.129           5.938           5.483           7.238           4.839
       431      4.906           4.900           5.716           5.253           6.803           4.847
       432      5.165           5.163           5.943           5.496           7.020           4.836
       433      4.943           4.937           5.770           5.299           7.758           4.376
       434      5.287           5.280           6.052           5.610           7.557           4.551
       435      5.037           5.029           5.822           5.377           7.018           4.817
       436      5.365           5.357           6.108           5.677           6.884           4.702
       437      5.434           5.428           6.186           5.751           7.746           4.927
       438      5.423           5.416           6.188           5.741           6.419           4.775
       439      5.499           5.493           6.246           5.811           6.725           4.720
       440      5.278           5.272           6.059           5.604           6.854           4.922
       441      5.360           5.349           6.189           5.714           7.156           4.974
       442      5.044           5.041           5.883           5.409           6.295           4.918
       443      5.219           5.212           6.008           5.558           6.646           4.691
       444      5.536           5.529           6.283           5.842           6.447           4.273
       445      5.283           5.272           6.053           5.605           5.716           4.302
       446      5.239           5.231           6.007           5.561           6.021           4.403
       447      5.378           5.370           6.130           5.687           6.542           4.389
       448      5.358           5.345           6.133           5.669           6.775           4.456
       449      5.401           5.395           6.165           5.722           6.678           4.090
       450      5.302           5.294           6.090           5.631           6.446           4.542
       451      5.152           5.140           5.981           5.507           6.523           4.935
       452      5.101           5.093           5.935           5.461           6.605           4.767
       453      5.070           5.060           5.860           5.407           6.088           4.980
       454      4.825           4.820           5.703           5.216           6.043           4.948
       455      5.152           5.146           5.932           5.484           6.474           4.811
       456      4.873           4.868           5.690           5.229           6.213           5.297
       457      5.208           5.207           6.009           5.552           5.782           4.571
       458      5.035           5.028           5.857           5.388           5.167           4.750
       459      4.884           4.877           5.725           5.248           5.032           4.524
       460      5.035           5.030           5.879           5.407           4.834           4.607
       461      5.024           5.018           5.845           5.379           4.910           4.372
       462      5.229           5.224           6.040           5.572           5.338           4.412
       463      5.355           5.346           6.152           5.688           4.897           4.422
       464      5.258           5.252           6.058           5.596           5.444           4.121
       465      5.222           5.214           6.023           5.567           5.914           4.211
       466      5.299           5.292           6.079           5.633           5.889           4.286
       467      5.083           5.075           5.897           5.431           6.284           4.627
       468      5.128           5.118           5.937           5.478           6.195           4.689
       469      5.051           5.043           5.854           5.389           5.807           4.759
       470      5.256           5.249           6.039           5.598           6.677           4.857
       471      5.073           5.061           5.884           5.422           6.574           4.853
       472      5.082           5.069           5.934           5.453           6.119           4.750
       473      4.885           4.879           5.731           5.253           6.368           4.521
       474      4.828           4.820           5.675           5.199           6.055           4.794
       475      5.002           4.993           5.831           5.361           6.260           4.668
       476      5.100           5.093           5.898           5.443           6.532           4.683
       477      4.877           4.868           5.710           5.239           6.247           4.799
       478      5.233           5.222           6.033           5.574           6.283           4.623
       479      5.084           5.078           5.872           5.430           5.635           4.649
       480      5.147           5.135           5.930           5.477           6.265           4.875
       481      5.071           5.059           5.896           5.422           5.973           5.003
       482      5.206           5.192           6.035           5.560           5.818           5.012
       483      5.289           5.275           6.112           5.637           5.403           4.628
       484      5.118           5.106           5.918           5.450           6.107           4.970
       485      5.294           5.282           6.089           5.634           5.855           5.067
       486      5.243           5.230           6.056           5.590           5.721           4.751
       487      5.184           5.172           5.990           5.528           6.163           5.057
       488      5.220           5.207           6.052           5.573           5.989           4.985
       489      5.318           5.305           6.123           5.657           5.845           4.958
       490      5.089           5.078           5.941           5.450           5.513           4.644
       491      5.217           5.208           6.045           5.568           5.981           4.960
       492      5.255           5.247           6.052           5.594           5.950           4.669
       493      5.010           4.994           5.847           5.367           5.685           4.496
       494      5.124           5.109           5.956           5.474           5.957           4.658
       495      5.314           5.302           6.123           5.657           5.824           4.386
       496      5.330           5.316           6.101           5.644           5.474           4.379
       497      5.321           5.311           6.102           5.649           6.150           4.377
       498      5.329           5.316           6.124           5.650           5.363           4.420
       499      5.365           5.349           6.161           5.693           5.412           4.352
       500      5.322           5.311           6.128           5.654           6.345           4.546
       501      5.339           5.327           6.134           5.665           6.186           4.524
